1.5914
1.4690
1.7901
1.4690
1.9094
0.0000
0.0000
0.0000
0.0000
0.0000
0.0000
0.0000
0.0000
0.0000
-1.3974
-1.3974
-1.7626
-1.7100
-2.6028
-1.9094
-2.7929
-2.7265
-2.8626
-2.8626
-3.0130
-3.9911
-3.4168
-3.2707
-4.0858
-4.6671
-4.1851
-4.5142
-4.6108
-6.0092
-5.1946
-4.8442
-5.2741
-5.3148
-5.4405
-6.3404
-5.8265
-6.6327
-6.4418
-6.6327
-6.6546
-6.8092
-6.8819
-8.1303
-7.5948
-8.1303
-9.0397
-8.1303
-7.7654
-8.1303
-9.4625
-9.4625
-8.5310
-9.4625
-9.4625
-8.8808
-10.4917
-10.7133
-10.5394
-10.7133
-11.0037
-11.0411
-9.9264
-11.3101
-9.9044
-10.2224
-11.9763
-11.3101
-11.3101
-12.0949
-12.2007
-11.3101
-11.3101
-11.3101
-12.6806
-12.5290
-12.9948
-11.8888
-11.8888
-12.0949
-13.5706
-12.2253
-13.7071
-12.5290
-14.0364
-14.0364
-14.3495
-12.9076
-12.9948
-14.0364
-14.0364
-14.0364
-15.0185
-14.0364
-14.0364
-15.5930
-14.0364
-14.0364
-15.9456
-16.3140
-14.6975
-15.9456
-15.9456
-14.7438
-15.9456
-15.9456
-15.4614
-15.9456
-16.8216
-15.7514
-15.9456
-16.1445
-16.1445
-17.5257
-17.5257
-16.3140
-16.4602
-18.0344
-18.4351
-18.4351
-18.4351
-18.4351
-18.4351
-18.4351
-18.4351
-18.4351
-17.5926
-19.2308
-18.4351
-19.6540
-19.7470
-18.4351
-19.7470
-20.0954
-20.0954
-18.8533
-20.5562
-19.2308
-19.2902
-19.2902
-20.5562
-19.7470
-20.8546
-21.0377
-19.9039
-21.2507
-21.5411
-20.1365
-20.2250
-21.3708
-21.8016
-21.4479
-21.8016
-22.3064
-22.3803
-21.8016
-22.5207
-21.8016
-21.8016
-22.8338
-23.0256
-21.8016
-22.9323
-22.8338
-23.0257
-23.3854
-23.3854
-23.1988
-23.9626
-23.1988
-24.2279
-22.8338
-24.1024
-24.3047
-23.3854
-24.4441
-24.6770
-25.0171
-25.2779
-24.6770
-24.7753
-25.3463
-25.3463
-24.1024
-25.8211
-25.4079
-25.3463
-24.8638
-25.9425
-25.9424
-26.5652
-26.5652
-25.9745
-25.9745
-26.5652
-26.5652
-26.5652
-26.5652
-26.5652
-26.5652
-26.5652
-26.5652
-26.5652
-26.5652
-26.5652
-26.5652
-26.5652
-26.5652
-27.1498
-26.5652
-27.1813
-27.2555
-27.1813
-27.6996
-27.6996
-29.1976
-27.8016
-27.8016
-27.8974
-28.3009
-29.5780
-29.0547
-28.3932
-28.3009
-29.7450
-28.8110
-29.7450
-29.7450
-28.7678
-29.7450
-29.7450
-30.4657
-29.7450
-29.7450
-29.7450
-30.9639
-29.9317
-30.0687
-29.8990
-30.9639
-30.9639
-30.9639
-31.8661
-31.8661
-30.9639
-32.0055
-30.9639
-30.9639
-32.4713
-32.4713
-31.2186
-32.8287
-32.9054
-32.9054
-32.9054
-33.1115
-33.3108
-31.9082
-33.3108
-33.6902
-33.6902
-32.4713
-33.6902
-33.6902
-34.0461
-33.6902
-33.6902
-33.6902
-33.6902
-34.4391
-33.6902
-34.5924
-33.6902
-33.6902
-35.2177
-34.0461
-34.0773
-35.2177
-34.4391
-34.4391
-35.9098
-36.0275
-34.7780
-34.6411
-36.2540
-35.5378
-36.2540
-35.5378
-36.8700
-36.6072
-36.4694
-37.1468
-36.8700
-37.4055
-35.8378
-37.4055
-36.8700
-36.8700
-37.6477
-36.8700
-36.8700
-37.9988
-36.8700
-36.8700
-37.1170
-38.4538
-37.1468
-38.4538
-38.6599
-37.7469
-38.6599
-38.8846
-37.4763
-38.9911
-38.8846
-38.8846
-38.6599
-38.6599
-39.2895
-39.4008
-38.6599
-39.8057
-39.8057
-39.8057
-39.9870
-40.1010
-39.8057
-39.9870
-40.2365
-40.1561
-40.6014
-39.0940
-40.8152
-40.6014
-39.6443
-41.0549
-40.9145
-40.6014
-41.1860
-39.8057
-41.3087
-41.6337
-40.3142
-41.7604
-40.4624
-41.9873
-42.3976
-42.1846
-42.3976
-42.7095
-42.5106
-42.7975
-43.1525
-42.9547
-43.0252
-42.8790
-42.9547
-43.2644
-43.6679
-43.0252
-43.5313
-43.7271
-43.0910
-43.5313
-43.7812
-43.4519
-43.7271
-43.9585
-43.4520
-43.6679
-43.9950
-45.0001
-43.6679
-44.0291
-45.0001
-43.4519
-44.0291
-45.0001
-44.0291
-45.0001
-45.0001
-45.0001
-45.0001
-45.0001
-45.0001
-45.0001
-45.0001
-45.0001
-45.0001
-45.0001
-45.0001
-45.0001
-45.0001
-45.0001
-45.0001
-45.0001
-45.0001
-45.0001
-45.0001
-45.0001
-45.0001
-45.9095
-45.0001
-45.9393
-45.0001
-45.9393
-46.2455
-46.2455
-45.9393
-46.7900
-46.3021
-46.7900
-46.3640
-46.7900
-46.9093
-46.4322
-46.9750
-46.9307
-46.9750
-47.1212
-46.9307
-47.0215
-47.4897
-47.1212
-47.4367
-47.7264
-47.8157
-47.2313
-48.0129
-47.8156
-48.0129
-47.7264
-47.8157
-48.0776
-48.1451
-48.2398
-48.1451
-48.2156
-48.5764
-48.3665
-48.3665
-48.5764
-48.7315
-48.4475
-48.9453
-48.7315
-50.1945
-48.9184
-48.7315
-48.9453
-48.9006
-48.8142
-48.9006
-48.9453
-48.9184
-48.8142
-49.0857
-49.3988
-49.5379
-49.2365
-49.3988
-49.5379
-49.6860
-50.9062
-49.8441
-49.6860
-49.7637
-50.0132
-50.0132
-49.9698
-50.1945
-50.1945
-50.0132
-50.0797
-51.3403
-51.3403
-50.3559
-50.3559
-51.3403
-51.3403
-50.9062
-50.9062
-51.3403
-52.3058
-51.1156
-51.3403
-52.3524
-51.3403
-51.7099
-51.3403
-51.3403
-51.5464
-51.5464
-51.3403
-51.7891
-52.0014
-53.1302
-53.1302
-52.0013
-52.1251
-51.9530
-52.1251
-53.1302
-52.5947
-53.1302
-53.1302
-53.1302
-53.1302
-53.1302
-53.1302
-52.8534
-53.1302
-53.1302
-53.1302
-53.1302
-53.3930
-53.3930
-55.1247
-53.8808
-54.2934
-53.7462
-55.4916
-54.1624
-53.9727
-55.5611
-54.1624
-54.4624
-55.4916
-54.4624
-54.6053
-54.6053
-54.6053
-55.8856
-56.3100
-54.7825
-55.9229
-56.3100
-55.9229
-56.3100
-54.9043
-56.3100
-56.3100
-55.2223
-56.3100
-55.8856
-56.3100
-56.3100
-56.3100
-56.3100
-55.5611
-56.3100
-56.3100
-56.3100
-56.3100
-55.9229
-56.3100
-56.3100
-56.3100
-56.3100
-56.3100
-57.4260
-56.3100
-56.6594
-56.3100
-56.3100
-56.3100
-56.6895
-56.6895
-56.6894
-57.8478
-58.1341
-56.3100
-56.6894
-57.0307
-57.0307
-57.9947
-57.1715
-57.9947
-57.9947
-58.2986
-57.4260
-57.1443
-58.2986
-57.4260
-57.4260
-59.0363
-57.7244
-58.7363
-57.7244
-57.9947
-58.1341
-59.0363
-57.9947
-59.0363
-59.0363
-58.5705
-59.0363
-59.2646
-59.9315
-59.2646
-59.0363
-59.4704
-60.5242
-59.4704
-59.7436
-59.4704
-59.4704
-60.7512
-60.9454
-59.9315
-59.9315
-59.9315
-60.1012
-60.2552
-61.0736
-60.0686
-60.1012
-60.4222
-61.3896
-60.2552
-61.0737
-61.6071
-60.1012
-61.5044
-61.6071
-61.5571
-60.4222
-61.5044
-61.3896
-60.5726
-61.5044
-61.9276
-61.6993
-62.2415
-61.0737
-61.8215
-62.1760
-61.6993
-62.1760
-62.2415
-61.0736
-61.2941
-62.1760
-62.5256
-62.7840
-62.1760
-62.5256
-62.5925
-61.3896
-62.2415
-62.6502
-61.3896
-62.5256
-62.6502
-62.7840
-63.4350
-62.7447
-62.7840
-63.4350
-62.5925
-63.4350
-63.4350
-63.4350
-62.5925
-63.4350
-63.4350
-63.4350
-63.4350
-63.4350
-62.8504
-63.4350
-63.4350
-63.4350
-63.4350
-63.4350
-63.4350
-63.4350
-63.4350
-63.4350
-63.4350
-63.4350
-63.4350
-63.4350
-63.4350
-63.4350
-63.4350
-63.4350
-63.4350
-64.0257
-63.4350
-63.8690
-65.3232
-64.5923
-64.5923
-64.2040
-65.3765
-64.3232
-64.5923
-64.6539
-65.1364
-64.6539
-65.2249
-65.3232
-66.0376
-64.7469
-65.2249
-64.7990
-65.2249
-65.2249
-66.0376
-66.2974
-65.1364
-65.3232
-66.2506
-65.4329
-66.6148
-65.3441
-66.6148
-65.4329
-65.3232
-65.7723
-66.2974
-66.6148
-66.0376
-65.8978
-66.4478
-65.8978
-66.8015
-65.8978
-67.1664
-66.8015
-66.0376
-66.8015
-66.0376
-66.8015
-67.1664
-67.4795
-67.6938
-66.8015
-67.1664
-66.2180
-66.6148
-67.6199
-67.6199
-67.4795
-67.6938
-67.6938
-67.6938
-67.6938
-67.9638
-66.9745
-67.8337
-67.9322
-67.9322
-67.1664
-67.8337
-67.0113
-68.1987
-67.1664
-67.8337
-67.9321
-68.1987
-68.1987
-68.1986
-68.1986
-68.1986
-68.5523
-68.1986
-68.1986
-68.1986
-68.6821
-68.1986
-68.6821
-68.4986
-68.1986
-68.8388
-68.1986
-68.1986
-69.1456
-68.1986
-68.1987
-69.2278
-69.2278
-68.9625
-69.4440
-68.7496
-69.2278
-68.4591
-69.4440
-68.1986
-69.4440
-69.5902
-69.5902
-69.8638
-69.7752
-70.3462
-70.2532
-70.1448
-69.4440
-69.4440
-70.6411
-70.6411
-70.7100
-70.3462
-70.7100
-70.9066
-69.7752
-69.6468
-70.9065
-70.4634
-70.9744
-70.2532
-70.1448
-70.9744
-70.2532
-71.5651
-70.9744
-71.5651
-70.9065
-70.9066
-70.2532
-71.1140
-71.1140
-71.1469
-71.5651
-71.5651
-70.9744
-71.5651
-71.5651
-71.5651
-71.5651
-70.7100
-71.5651
-71.5651
-71.5651
-71.5651
-71.5651
-71.5651
-71.5651
-71.5651
-72.1214
-71.5651
-71.5651
-71.5651
-72.4076
-70.9744
-72.1812
-71.5651
-71.5651
-72.1213
-72.4076
-72.1213
-72.1812
-72.4745
-72.4745
-71.5651
-71.5651
-71.5651
-71.5651
-71.9959
-72.4745
-72.7586
-71.5651
-72.7586
-72.6460
-72.7586
-71.5651
-71.9959
-71.5651
-71.5651
-72.7586
-72.8973
-72.4076
-72.8973
-72.8973
-73.3008
-73.0725
-72.0309
-73.3008
-71.9959
-72.0309
-73.4430
-73.4430
-72.1497
-73.3008
-73.4957
-73.3008
-73.6862
-73.3008
-73.6862
-73.6862
-73.6862
-73.4957
-73.8108
-72.8015
-73.7398
-73.6862
-73.6105
-74.2489
-73.8108
-74.0546
-74.2489
-73.8557
-73.8557
-74.2489
-74.0546
-74.0546
-73.8108
-74.3578
-74.2914
-74.5779
-74.2914
-74.4759
-74.0546
-74.0546
-74.4759
-73.8557
-74.7449
-74.3578
-74.7449
-74.8760
-75.2565
-75.2565
-75.4656
-75.4656
-75.0686
-75.5297
-75.2565
-75.6186
-75.2565
-75.4656
-75.9638
-75.4656
-75.5297
-75.9638
-75.4656
-75.6186
-75.6186
-75.9638
-75.9638
-75.9638
-75.9638
-75.9638
-75.9638
-75.9638
-75.9638
-75.9638
-75.9638
-75.9638
-75.9638
-75.9638
-75.9638
-75.9638
-75.9638
-75.9638
-75.9638
-75.9638
-75.9638
-75.9638
-75.9638
-75.9638
-75.9638
-75.9638
-75.9638
-75.9638
-75.9638
-75.9638
-75.9638
-75.9638
-75.9638
-75.9638
-75.9638
-75.9638
-75.9638
-75.9638
-75.9638
-76.8660
-75.9638
-75.9638
-75.9638
-76.2638
-75.9638
-76.2931
-76.2931
-76.2931
-76.2931
-76.2931
-76.2931
-76.3287
-76.2931
-75.9638
-76.2931
-76.3287
-76.6755
-76.6075
-76.6075
-76.6075
-76.6075
-76.6075
-76.6075
-76.6075
-76.4296
-76.6075
-76.9081
-76.6075
-76.6755
-76.6513
-77.0054
-77.0054
-76.9081
-76.9081
-76.9081
-76.6075
-76.9081
-77.0054
-77.1958
-76.9081
-77.0740
-77.3197
-77.3196
-77.0740
-77.3197
-77.3196
-78.3664
-77.1958
-77.3197
-77.0740
-77.0740
-77.0054
-77.7353
-77.3196
-77.3196
-77.6193
-77.3196
-77.3667
-77.6193
-77.6193
-77.6193
-77.6193
-77.7352
-77.4712
-77.4712
-77.6193
-77.9053
-77.6193
-77.6193
-77.9053
-77.9053
-77.9053
-77.9053
-78.6901
-78.1785
-77.9053
-78.1114
-77.9886
-78.1785
-77.9053
-78.1785
-78.1785
-77.9053
-78.1785
-78.1785
-78.1785
-78.1580
-78.6901
-78.6901
-78.6901
-79.5085
-79.2869
-78.1785
-78.4399
-78.4399
-78.4399
-78.4399
-78.6901
-78.4399
-78.6901
-78.5035
-78.9591
-78.6901
-78.9591
-79.8245
-78.9298
-78.6901
-78.5180
-78.9591
-78.9591
-78.9591
-78.9591
-79.5085
-79.2157
-79.2157
-79.2157
-79.8753
-79.4608
-79.2869
-79.5625
-79.2157
-79.2157
-79.4608
-79.1597
-79.2157
-79.4608
-79.2157
-79.2157
-79.4608
-79.4608
-80.2176
-79.2611
-79.5626
-80.2176
-79.5626
-80.1342
-79.8245
-79.4608
-80.2176
-79.4608
-79.4608
-79.4608
-79.6952
-79.6952
-79.4608
-79.6952
-79.6952
-79.6952
-79.6952
-79.8245
-80.1342
-80.2176
-80.5377
-80.5377
-80.5377
-80.2176
-80.5377
-80.7890
-80.5377
-80.0738
-79.9194
-79.6952
-79.9194
-79.9194
-80.1342
-79.9194
-79.6952
-79.7778
-79.9194
-80.0738
-80.0738
-80.1342
-80.1342
-80.2176
-80.3112
-80.3112
-80.5377
-80.8377
-80.5377
-80.5377
-81.1194
-80.5377
-80.5377
-80.3803
-80.3112
-80.1342
-80.1342
-80.1342
-80.3112
-80.1342
-80.3112
-80.5377
-80.3112
-80.5377
-80.5377
-80.5377
-80.7539
-80.7539
-80.7539
-80.7539
-80.5377
-80.5377
-81.1194
-81.1194
-80.7539
-81.3844
-81.1194
-80.7539
-81.3844
-81.4693
-81.4693
-81.2539
-81.5731
-80.5377
-81.0274
-80.7539
-80.7539
-80.7539
-80.7539
-80.5377
-80.5377
-80.7539
-80.7539
-80.7539
-80.5377
-80.9605
-80.7539
-80.7539
-80.9605
-80.9605
-80.7539
-80.9605
-81.4693
-80.9605
-81.8699
-81.8699
-81.6744
-81.8699
-81.8699
-81.5730
-81.8699
-81.8699
-81.5731
-81.8699
-81.8699
-81.5730
-81.4693
-81.1582
-81.1582
-81.3475
-80.9605
-80.9605
-81.1582
-80.9605
-80.8377
-80.8377
-81.1582
-80.9605
-80.9807
-81.1582
-81.1582
-81.1582
-81.1582
-81.4693
-81.2539
-81.1582
-81.8699
-81.6744
-81.4693
-81.4693
-81.8699
-81.8699
-82.1467
-82.0928
-81.8699
-81.8699
-81.8699
-82.1467
-81.8699
-81.8699
-81.8699
-81.8699
-81.8699
-81.8699
-82.4054
-81.3475
-81.8699
-81.3475
-81.1582
-81.5289
-81.5289
-81.5289
-81.2539
-81.4693
-81.5289
-81.5289
-81.3475
-81.3475
-81.4693
-81.6744
-81.6744
-81.8699
-81.8699
-81.6744
-81.8699
-81.8699
-81.8699
-82.0565
-81.8699
-82.3040
-81.8699
-82.3040
-81.8699
-81.8699
-82.0565
-82.1467
-82.3040
-81.8699
-82.3040
-82.4054
-82.1467
-82.1467
-82.4054
-82.4054
-82.5042
-82.1467
-82.1467
-82.4054
-82.4054
-82.6943
-82.1467
-82.6476
-82.6942
-82.4054
-81.6071
-82.6476
-81.8699
-82.0565
-81.6744
-81.8699
-82.0565
-82.0565
-82.0565
-81.8699
-82.0565
-82.0565
-82.2348
-82.0565
-82.2348
-82.2348
-82.2348
-82.2348
-82.2348
-82.2348
-82.4054
-82.4054
-82.0565
-82.2348
-82.0565
-82.2349
-82.2348
-82.4054
-82.4054
-82.6476
-82.6476
-82.6476
-82.4054
-82.4054
-82.8750
-82.8750
-82.8750
-83.2110
-83.0471
-83.0471
-83.0471
-83.0471
-83.0888
-81.8699
-83.0888
-82.2348
-82.0565
-82.2348
-82.2349
-82.2349
-82.0565
-82.2349
-82.0565
-82.4054
-82.1169
-82.0565
-82.2348
-82.2349
-82.2349
-82.2349
-82.2782
-82.4054
-82.4054
-82.4054
-82.2349
-82.4054
-82.6476
-82.4054
-82.4054
-82.6476
-82.4054
-82.6943
-82.6943
-82.6476
-82.8750
-82.6943
-82.8750
-83.3675
-83.0888
-83.0888
-83.3675
-83.4802
-83.4181
-83.4181
-83.4802
-83.1572
-83.0888
-83.2902
-83.2902
-83.4802
-83.2902
-83.6598
-83.6598
-83.0471
-83.6598
-82.2348
-83.6598
-83.2902
-82.4054
-82.5686
-82.4054
-82.4054
-82.5686
-82.5285
-83.4181
-82.5686
-82.5686
-82.5285
-82.4054
-82.5686
-82.7250
-82.5285
-82.6476
-82.8750
-82.5686
-82.8750
-82.8750
-83.0471
-82.6943
-82.8750
-82.8750
-82.8750
-83.0471
-83.0471
-82.8750
-83.3675
-83.0470
-83.0471
-83.0471
-83.2110
-83.0471
-83.0471
-83.3675
-83.2110
-83.2110
-83.6598
-83.2110
-83.4181
-83.6598
-83.6598
-83.6598
-83.8298
-83.4802
-83.8298
-83.6598
-83.8298
-83.8298
-83.8298
-83.8298
-83.8298
-83.6598
-83.6598
-83.8298
-83.4181
-83.4181
-83.6598
-83.6598
-82.7631
-83.8845
-82.7250
-83.6598
-82.6476
-83.6598
-82.9835
-82.7631
-82.8750
-82.8750
-82.8750
-82.9835
-83.0471
-82.8750
-83.2110
-83.0471
-82.8750
-83.2110
-83.2110
-83.2110
-83.0471
-83.0471
-83.2110
-83.2110
-83.3675
-83.2110
-83.3675
-83.3675
-83.2110
-83.2110
-83.3675
-83.2110
-83.2110
-83.3675
-83.3675
-83.3675
-83.2110
-83.3675
-83.2110
-83.6598
-83.6598
-83.6598
-83.3675
-83.6598
-83.6598
-83.8298
-83.8298
-83.8298
-83.8298
-83.6598
-83.6598
-83.8298
-83.8845
-83.9910
-83.8845
-83.8298
-83.8298
-83.8845
-83.9910
-83.9910
-83.9910
-84.0939
-83.9910
-84.0939
-83.9910
-84.0939
-83.8845
-83.9910
-83.8845
-83.8845
-83.8845
-83.8845
-83.8845
-83.9910
-84.2894
-83.8845
-84.2894
-83.6598
-84.0939
-84.0939
-84.0939
-84.2894
-83.8845
-83.8845
-84.0939
-83.6598
-83.8845
-84.0939
-84.0939
-83.8845
-84.0939
-83.8845
-84.0939
-84.0939
-84.0939
-83.8845
-84.0939
-83.8845
-83.8845
-83.8845
-84.0939
-83.6598
-83.3675
-83.0888
-83.8845
-83.2110
-83.8845
-83.9910
-83.8845
-83.6598
-84.0939
-83.3675
-83.6598
-83.6598
-83.8845
-83.3675
-83.3675
-84.0939
-83.3675
-83.2110
-83.9910
-83.3675
-84.0939
-83.5169
-83.3675
-83.2110
-83.3675
-83.8845
-84.0939
-83.3675
-83.6598
-83.5169
-83.8845
-83.3675
-83.3675
-83.2110
-83.2110
-83.3675
-83.8298
-83.3675
-83.9910
-83.5169
-83.3675
-83.3675
-83.8845
-83.3675
-83.9910
-83.3675
-83.3675
-83.0888
-83.5169
-83.8845
-83.6598
-83.5170
-83.2338
-83.5170
-83.8845
-83.3675
-83.5169
-83.3675
-83.5169
-83.3675
-83.3675
-83.5169
-83.8845
-83.5170
-83.3675
-83.6598
-83.2110
-83.8845
-83.3675
-84.0939
-83.6598
-84.0939
-83.3675
-83.5169
-83.5169
-83.3675
-83.6598
-83.3675
-83.5170
-83.3675
-83.5169
-83.5169
-83.5169
-83.6598
-83.5169
-83.3675
-83.5169
-83.5169
-83.5169
-83.8845
-83.5170
-83.2110
-83.3675
-83.5169
-83.3675
-83.5170
-83.5170
-83.3675
-83.3675
-83.4537
-83.5169
-83.5169
-83.5169
-83.5169
-83.3675
-83.3675
-83.5169
-83.6598
-83.5170
-83.5169
-83.4537
-83.3675
-83.3675
-83.6598
-83.5169
-83.3456
-83.5169
-83.3675
-83.6598
-83.5170
-83.5169
-83.3675
-83.5169
-83.3675
-83.3675
-83.5169
-83.3675
-83.5169
-83.5169
-83.3675
-83.5169
-83.9910
-83.5170
-83.5169
-83.6598
-83.6598
-83.5170
-83.5170
-83.5170
-83.3675
-83.5170
-83.7966
-83.3675
-83.3675
-83.5169
-83.5169
-83.6598
-83.3675
-83.5170
-83.3675
-83.2110
-83.3675
-83.3675
-83.6598
-83.3675
-83.5170
-83.3675
-83.5170
-83.3675
-83.3675
-83.3675
-83.3675
-83.3675
-83.3675
-83.3675
-83.8845
-83.3675
-83.5170
-83.3675
-83.3675
-83.5170
-83.6598
-83.2110
-83.5169
-83.3675
-83.5169
-84.0939
-83.2110
-83.3675
-83.5169
-83.9910
-83.5170
-83.9910
-83.3675
-83.6598
-83.8298
-83.0888
-83.9910
-83.6598
-83.8845
-83.6598
-83.8298
-83.8845
-83.8845
-83.6598
-83.6598
-83.0471
-83.6598
-83.1572
-83.6598
-83.8845
-84.0939
-83.8845
-83.8845
-84.0939
-83.8845
-83.6598
-83.6598
-83.8845
-83.6598
-83.8845
-83.8845
-84.0939
-83.8845
-83.8845
-83.8845
-83.6598
-83.8845
-83.6598
-84.0939
-84.0939
-84.0939
-83.8845
-84.0939
-83.6598
-83.8845
-83.8845
-84.0939
-84.2894
-83.9910
-83.8845
-84.2894
-84.2894
-83.8845
-83.8845
-84.0939
-84.0939
-84.0939
-83.8845
-84.0939
-83.8845
-83.8845
-83.8845
-83.8845
-83.6598
-84.0939
-83.8845
-83.9910
-83.9910
-83.8845
-83.8845
-83.9910
-83.8845
-83.8845
-83.9910
-83.8298
-84.0939
-83.6598
-83.8298
-83.6598
-83.6598
-83.6598
-83.8845
-83.6598
-83.8298
-83.8845
-83.3675
-83.6598
-83.9910
-83.9910
-83.8298
-83.8298
-83.8298
-83.8298
-83.8298
-83.6598
-83.6598
-83.6598
-83.3675
-83.6598
-83.3675
-83.3675
-83.6598
-83.6598
-83.3456
-83.2110
-83.5170
-83.2110
-83.2110
-83.6598
-83.5170
-83.3675
-83.3675
-83.2110
-83.3675
-83.2110
-83.3675
-83.3675
-83.2110
-83.2110
-83.2110
-83.2110
-83.3675
-83.3675
-83.0471
-83.2110
-83.2110
-83.3675
-83.2110
-83.0471
-83.0471
-83.0471
-83.2110
-83.2110
-83.2110
-83.0471
-82.8750
-82.7631
-82.8750
-82.8750
-82.9835
-82.7631
-82.8750
-83.6598
-82.8750
-82.8750
-82.6476
-83.8845
-83.6598
-82.7631
-83.6598
-83.8298
-83.6598
-83.6598
-83.1573
-83.8845
-83.6598
-83.8845
-83.4181
-83.2110
-83.8298
-83.8298
-83.4181
-83.4181
-83.6598
-83.2902
-83.2110
-83.8298
-83.8298
-83.6598
-83.8298
-83.6598
-83.4181
-83.8298
-83.8298
-83.6598
-83.4802
-83.6598
-83.6598
-83.8298
-83.8298
-83.8298
-83.6598
-83.4802
-83.6598
-83.6598
-83.8298
-83.8298
-83.6598
-83.6598
-83.6598
-83.6598
-83.4802
-83.6598
-83.6598
-83.6598
-83.8298
-83.6598
-83.6598
-83.6598
-83.4802
-83.6598
-83.6598
-83.4802
-83.4802
-83.4802
-83.6598
-83.0471
-83.0471
-83.6598
-83.4181
-83.4802
-83.0471
-83.4181
-83.0471
-83.0471
-83.2902
-83.3675
-82.8750
-83.0471
-83.0471
-83.0471
-82.8750
-83.2110
-82.8750
-83.0471
-82.6476
-82.6476
-82.8750
-82.5285
-82.6943
-82.6476
-82.6476
-82.5285
-82.5686
-82.6476
-82.7250
-82.5686
-82.5686
-82.5686
-82.6476
-82.7250
-82.4054
-82.6476
-82.5686
-82.5686
-82.4054
-82.5686
-82.6476
-82.6476
-82.4054
-82.5686
-82.5686
-82.5686
-82.5686
-83.1572
-82.4054
-83.4181
-82.4054
-83.4181
-83.0471
-82.5686
-82.8750
-83.4802
-83.1573
-82.4054
-83.4181
-83.4181
-83.2902
-83.0471
-83.4802
-83.4181
-83.4802
-83.2902
-83.0471
-83.2902
-83.6598
-83.2902
-83.1572
-83.2902
-83.0471
-83.4802
-83.2902
-83.4181
-82.8750
-83.2902
-82.8750
-83.2902
-83.4802
-83.0888
-83.0888
-83.4181
-83.0888
-83.2902
-82.8750
-83.0888
-83.4181
-82.8750
-82.8750
-83.0888
-82.8750
-82.6476
-82.8750
-82.4054
-82.4054
-82.6476
-82.6476
-82.4054
-82.2348
-82.6476
-82.4054
-82.4054
-82.4054
-82.4054
-82.4054
-82.2782
-82.1467
-82.1467
-82.4054
-82.2348
-82.4054
-82.2348
-82.2348
-82.2348
-82.2348
-82.1169
-82.2348
-82.2348
-82.2348
-82.4054
-82.2348
-82.2348
-82.0565
-82.2348
-82.2348
-82.2348
-82.2348
-83.0888
-82.2348
-82.2348
-82.8750
-83.0888
-82.8750
-82.8750
-82.5686
-82.8750
-83.0888
-82.8750
-83.2902
-82.6943
-82.8750
-83.2902
-82.8750
-82.8750
-82.8750
-83.0888
-83.0888
-82.8750
-83.4802
-83.0888
-82.8750
-83.0888
-82.6476
-82.8750
-83.0471
-83.2110
-83.0888
-82.6476
-82.6476
-82.6476
-82.4054
-82.6476
-82.2348
-82.4054
-82.6476
-82.2348
-82.6476
-82.6476
-82.4054
-82.4054
-82.0565
-82.4054
-82.4054
-82.2349
-82.6476
-82.4054
-82.4054
-82.4054
-82.6476
-82.6476
-82.4054
-82.2348
-82.4054
-82.0565
-82.0565
-82.0565
-81.8699
-82.0565
-81.8699
-82.0565
-82.0565
-82.0565
-82.0565
-82.0565
-81.8699
-82.0565
-82.0565
-82.0565
-82.0565
-82.0565
-82.0565
-82.0565
-82.0565
-82.0565
-82.0565
-81.8699
-82.0565
-82.3040
-82.6476
-82.8750
-81.8699
-82.5686
-82.5686
-82.0565
-82.0565
-82.6476
-82.8750
-82.5686
-82.5686
-82.6943
-81.8699
-82.6476
-82.8750
-82.4054
-81.8699
-82.6476
-82.1467
-82.4054
-81.8699
-82.4054
-82.1467
-82.6476
-82.0565
-82.0565
-82.1467
-81.8699
-82.4054
-82.4054
-82.1467
-81.8699
-82.4054
-82.6476
-82.4054
-82.0565
-82.6476
-82.1467
-82.0565
-82.4054
-82.0565
-82.5686
-82.1467
-82.4054
-82.3040
-82.1467
-81.6744
-82.1467
-82.0565
-81.8699
-81.8699
-81.8699
-81.8699
-81.6744
-81.8699
-81.6744
-81.6744
-81.8699
-81.6744
-81.4693
-81.6744
-81.6071
-81.6744
-81.6744
-81.4693
-81.2539
-81.4693
-81.3475
-81.5289
-81.3269
-81.3475
-81.3475
-81.3475
-81.3475
-81.2538
-81.3475
-81.3844
-81.3475
-81.3844
-81.8699
-81.8699
-81.8699
-81.4693
-81.6744
-81.5730
-81.4693
-81.8699
-81.6744
-81.8699
-81.8699
-81.8699
-81.6744
-81.6744
-81.6744
-81.8699
-81.8699
-81.6744
-81.6744
-81.8699
-81.8699
-82.1467
-81.6744
-81.8699
-81.8699
-82.1467
-81.6744
-81.8699
-81.8699
-82.0928
-82.1467
-81.8699
-81.8699
-81.8699
-81.8699
-82.0928
-81.8699
-81.8699
-81.1796
-81.8699
-81.3475
-81.2539
-81.3475
-81.1194
-81.2539
-81.1582
-81.2539
-81.1582
-81.1582
-81.1582
-80.9807
-81.1582
-81.1582
-81.1582
-81.6341
-80.9807
-81.1582
-80.9605
-81.1582
-81.1582
-81.1582
-80.9807
-81.1582
-81.1582
-80.8377
-80.9605
-81.4693
-80.9605
-81.1582
-81.1582
-81.1582
-80.9605
-81.6744
-80.9807
-81.6744
-81.1582
-81.0274
-81.4693
-81.5731
-81.8699
-81.8699
-81.5730
-81.2539
-81.5731
-81.2539
-81.2539
-81.4693
-81.5730
-81.6744
-81.4693
-81.8699
-81.5730
-81.5730
-81.5730
-81.2539
-81.8699
-81.6341
-82.0928
-81.2539
-81.8699
-81.1582
-81.8699
-81.5730
-81.8699
-81.5730
-81.8699
-81.0274
-81.5730
-81.5730
-81.6341
-81.6341
-81.5730
-80.9605
-80.9605
-80.9605
-80.9605
-80.7539
-80.9605
-80.7539
-80.7539
-80.7539
-81.1194
-80.5377
-80.9605
-80.7539
-80.7539
-80.7539
-80.7539
-80.7539
-80.7539
-80.7539
-80.7539
-80.7539
-80.7539
-80.9605
-80.7539
-80.9605
-80.5377
-80.7539
-80.5377
-81.2539
-80.7539
-81.2539
-81.4693
-81.0274
-81.2539
-81.5730
-80.7890
-81.2539
-80.7890
-81.5730
-80.7890
-81.5730
-80.7890
-81.2538
-80.5377
-80.9605
-80.7890
-81.8699
-80.7539
-80.7539
-80.7890
-81.2539
-81.4693
-81.8699
-81.5730
-81.6341
-80.5377
-81.4693
-81.5730
-81.3844
-81.3844
-81.2539
-81.4693
-81.4693
-80.7539
-80.5377
-81.3844
-81.1194
-80.7539
-81.2538
-81.1194
-80.8377
-80.8377
-80.5377
-81.1194
-80.8377
-80.5377
-80.5377
-80.5377
-80.7539
-80.5377
-80.5377
-80.5377
-80.5377
-80.3112
-80.3112
-80.3112
-80.5377
-80.3401
-80.3112
-80.5377
-80.5377
-80.3401
-80.3401
-80.1342
-80.5377
-80.1342
-80.1342
-80.2724
-80.0958
-81.1194
-81.2539
-80.5377
-80.7539
-80.5377
-80.5377
-80.5377
-80.5377
-80.5377
-80.5377
-80.3112
-80.3112
-80.3112
-80.3112
-80.5377
-80.5377
-80.3112
-80.3112
-80.5377
-81.1194
-81.1194
-80.5377
-80.5377
-80.3112
-80.5377
-80.5377
-80.3112
-80.5377
-80.5377
-80.5377
-80.8377
-80.3112
-80.5377
-80.8377
-80.8377
-80.0738
-80.9097
-80.5377
-80.5377
-80.5377
-80.8377
-80.1342
-80.0738
-80.1342
-80.5377
-80.3112
-80.0738
-79.9194
-79.9393
-79.9194
-79.9194
-79.9194
-80.5377
-79.6952
-80.5377
-79.9194
-79.6952
-79.6952
-79.9194
-80.5377
-79.9194
-79.9194
-79.6952
-79.6952
-80.3112
-79.9194
-80.8377
-80.3112
-80.3112
-80.3112
-79.6952
-80.9097
-80.3112
-80.3112
-80.3112
-80.7890
-80.3112
-80.2176
-80.8377
-80.0738
-80.3112
-80.0738
-80.2176
-80.2176
-80.7890
-80.5377
-80.0738
-80.2176
-79.9194
-80.5377
-80.3112
-80.5377
-80.0738
-80.2176
-80.5377
-80.5377
-80.5377
-80.2176
-80.5377
-80.5377
-79.6952
-79.4608
-80.2176
-80.2176
-79.8245
-79.6952
-79.6952
-79.6952
-79.6952
-79.6952
-79.6952
-79.5626
-79.6952
-79.4608
-79.4608
-79.6952
-79.4608
-79.4608
-79.6952
-79.4608
-79.6952
-79.6952
-79.6952
-79.6952
-79.4608
-79.4608
-79.4608
-79.4608
-79.8245
-79.4608
-79.4608
-80.2176
-79.6952
-79.4608
-79.4608
-79.8245
-79.4608
-79.6952
-79.4608
-79.6952
-79.6952
-79.6952
-79.4608
-79.4608
-79.4608
-79.4608
-79.4608
-79.2157
-79.8245
-79.4608
-79.8245
-80.0738
-79.5625
-79.5625
-79.8245
-79.4608
-79.5625
-79.5625
-79.6952
-80.5377
-79.4608
-80.2176
-79.5625
-79.5625
-79.8245
-79.5625
-79.5625
-79.6952
-79.5625
-79.4608
-80.2176
-79.2157
-79.6952
-79.8754
-79.4608
-79.2157
-79.5625
-80.2176
-79.4608
-79.2157
-80.2176
-79.2157
-79.8754
-79.4608
-79.8754
-79.4608
-79.2157
-79.4608
-79.4608
-79.4608
-79.5085
-79.2157
-79.2157
-79.2157
-79.2157
-79.2157
-79.4608
-79.2157
-79.2157
-79.2157
-79.8754
-79.8754
-79.4608
-79.2157
-79.2157
-79.2157
-79.4608
-79.2157
-78.9591
-79.0460
-79.2157
-78.9591
-78.9591
-79.2157
-78.9591
-78.9591
-79.2869
-78.9591
-78.6901
-79.2157
-79.4608
-79.2157
-78.9591
-78.9965
-79.2611
-79.2157
-78.9591
-78.9591
-79.2869
-79.2157
-79.2869
-78.9591
-79.2157
-78.9591
-79.8754
-79.2157
-79.2157
-79.5085
-79.2157
-79.2157
-79.2157
-79.2157
-79.2157
-79.2157
-78.9591
-79.8754
-79.2157
-79.2157
-79.2157
-78.6901
-79.2157
-78.9591
-79.6952
-78.9591
-78.9591
-79.8754
-78.9591
-79.2157
-79.2157
-78.9591
-78.9591
-79.2157
-78.9591
-78.9591
-78.9591
-79.2157
-78.9591
-79.2157
-78.9591
-78.9591
-79.2157
-79.6952
-78.9591
-78.9591
-78.9591
-78.9591
-78.9591
-79.6952
-79.8245
-79.5085
-78.9591
-78.9591
-78.9591
-78.6901
-78.6901
-78.6901
-78.9591
-78.6901
-78.5180
-78.5180
-78.6901
-78.6901
-78.6901
-78.4399
-78.6901
-78.6901
-78.6901
-78.6901
-78.4399
-78.6901
-78.6901
-78.6901
-78.6901
-78.6901
-78.6901
-78.6901
-78.5180
-78.6901
-78.5180
-78.9298
-78.4399
-78.9965
-78.4399
-78.6901
-78.4399
-78.4399
-78.4399
-78.9591
-79.5085
-78.9591
-78.9591
-78.9591
-78.9591
-78.6901
-78.4079
-78.9591
-78.6901
-79.5085
-78.9591
-78.6901
-78.6901
-78.9591
-78.4079
-78.6901
-78.6901
-78.6901
-79.1145
-78.6901
-78.6901
-78.6901
-78.5035
-78.6901
-78.5035
-78.4399
-79.2869
-79.5086
-78.4079
-78.3107
-78.4399
-79.2869
-78.6901
-79.0460
-78.6901
-78.1785
-78.1785
-78.1785
-78.4399
-78.3407
-78.4399
-78.4399
-78.4399
-78.1785
-78.1785
-78.1785
-78.1580
-78.1785
-78.1785
-78.4399
-78.4079
-78.1785
-78.4399
-78.4399
-78.1114
-78.1785
-78.1785
-78.4399
-78.1785
-78.1785
-78.4399
-78.1785
-78.4399
-78.4079
-78.4079
-78.4399
-78.1785
-78.4079
-78.4079
-78.1785
-78.6901
-78.4079
-78.6901
-78.4079
-78.4079
-78.4079
-78.4079
-78.4079
-78.1785
-78.1114
-78.1114
-78.4399
-78.1114
-78.4079
-78.1114
-78.1114
-78.1114
-78.6901
-78.1114
-78.1785
-78.1785
-78.1785
-78.4079
-78.1785
-78.1785
-78.4079
-79.1145
-77.9694
-77.9694
-78.1114
-78.4079
-78.1114
-78.1785
-78.1114
-78.1785
-78.1785
-78.1785
-77.9053
-78.1785
-78.4079
-77.9053
-77.9053
-77.9053
-77.9694
-77.9694
-78.1785
-77.9053
-78.1785
-78.1785
-78.1785
-78.1114
-77.9053
-77.9694
-77.9053
-77.9053
-77.9694
-78.1785
-77.9694
-77.9053
-77.9053
-77.9053
-77.9053
-77.9053
-77.9053
-77.9053
-77.9053
-77.9053
-77.9053
-77.9053
-77.6609
-77.9053
-78.1785
-77.9053
-78.1785
-77.9053
-78.1785
-77.9053
-78.1785
-77.9053
-77.9053
-77.9053
-77.9053
-77.7353
-77.9694
-77.9053
-77.9053
-78.1114
-77.9053
-77.7353
-78.1114
-77.9053
-78.1114
-78.1114
-77.9053
-77.9053
-77.9053
-77.9053
-77.9053
-78.1114
-78.1114
-77.9053
-78.9965
-77.9053
-77.9053
-77.9053
-77.6193
-77.9053
-77.9053
-77.6193
-77.9053
-77.9053
-77.9053
-77.6193
-77.9053
-77.6193
-77.9053
-77.9053
-77.6193
-77.6193
-77.6193
-77.6193
-77.6193
-77.6193
-77.6193
-77.6193
-77.9053
-77.7996
-77.6193
-77.6193
-77.6193
-77.9053
-77.9053
-77.6193
-77.9053
-77.9053
-77.6193
-77.6193
-77.6193
-77.6193
-77.6193
-78.6901
-77.6193
-77.6193
-78.3107
-78.3107
-77.6193
-77.6193
-77.6193
-77.6193
-77.6193
-77.3667
-77.6193
-77.6193
-77.3197
-77.9053
-77.6193
-77.4712
-77.6193
-77.6193
-77.6193
-77.3197
-77.9053
-77.7353
-77.3197
-77.3197
-77.4712
-77.3197
-77.7353
-77.6193
-77.7996
-77.4712
-77.6193
-77.4712
-77.4712
-77.4712
-77.6193
-77.4712
-77.3197
-77.6193
-77.3667
-77.9053
-77.6193
-77.6193
-77.7996
-77.6193
-77.6193
-77.3197
-77.6193
-77.3667
-77.6193
-77.6193
-77.1523
-77.3667
-77.6193
-77.3667
-77.3667
-77.3196
-77.6193
-77.3196
-77.6193
-77.3196
-77.3196
-77.3196
-77.3196
-77.6193
-77.3196
-77.1523
-77.0740
-77.3196
-77.1523
-77.3196
-77.0740
-77.3196
-77.6193
-77.3196
-77.3667
-77.3196
-77.6193
-77.3196
-77.3196
-77.3196
-77.6193
-77.3196
-77.0054
-77.3196
-77.3196
-77.3196
-77.3196
-77.0740
-77.3196
-77.1958
-77.0740
-77.0740
-77.0740
-77.3196
-77.3196
-77.3196
-77.2757
-77.3196
-77.3196
-77.1958
-77.1958
-77.1958
-77.0740
-77.1958
-77.3197
-77.1958
-77.1958
-76.9081
-76.9081
-77.1958
-76.9081
-76.9081
-77.1958
-77.1958
-76.9081
-77.1958
-77.3197
-77.1958
-77.0054
-77.1958
-76.9081
-76.9081
-77.1958
-76.9081
-77.3197
-77.0054
-77.1958
-76.9081
-77.1958
-76.9081
-77.0740
-77.3197
-76.9081
-77.3197
-77.0054
-77.0054
-77.3197
-77.3196
-77.0054
-77.0054
-77.3196
-77.0054
-77.0054
-77.0054
-77.0054
-77.0054
-77.0054
-77.0054
-77.0054
-77.0054
-77.0054
-77.3196
-77.0054
-77.3196
-77.0054
-77.0054
-77.3196
-76.6755
-76.8660
-77.0054
-77.0054
-76.6755
-77.0054
-77.0054
-77.3196
-77.3196
-76.6755
-77.0054
-77.0054
-77.0054
-77.0054
-77.0054
-76.9081
-76.9081
-76.6755
-77.0054
-76.9081
-76.9081
-77.0054
-77.0054
-76.6755
-76.9081
-77.0054
-76.6755
-76.9081
-76.9081
-76.6755
-76.9081
-76.6755
-76.6755
-76.6513
-76.6513
-76.9081
-77.0054
-76.9081
-76.6755
-76.9081
-76.6075
-76.9081
-76.9081
-76.9081
-76.9081
-76.9081
-76.9081
-76.9081
-76.9081
-76.6513
-76.6513
-76.9081
-76.6075
-76.6513
-76.9081
-76.6755
-76.9081
-76.9081
-76.6075
-76.9081
-76.9081
-76.9081
-76.9081
-76.9081
-76.6513
-76.6075
-76.9081
-76.9081
-76.9081
-76.6513
-76.6075
-76.6513
-76.6075
-76.6075
-76.6075
-76.9081
-76.6075
-76.6075
-76.3995
-76.6075
-76.6075
-76.6755
-77.0054
-76.9081
-77.0054
-77.0054
-77.0054
-77.0054
-76.6075
-76.6755
-76.9081
-77.0054
-76.9081
-76.6755
-77.0054
-76.6755
-76.6755
-76.6755
-76.6755
-76.6755
-76.6755
-76.6755
-76.6755
-76.6755
-76.6755
-76.6755
-76.4296
-77.0054
-76.6755
-76.6755
-76.6755
-76.6755
-76.6755
-77.0054
-76.6755
-76.6755
-76.6755
-76.6075
-76.6755
-76.6755
-76.6755
-76.6755
-76.6755
-76.6755
-76.6075
-77.0054
-76.6755
-76.3995
-76.6755
-76.3287
-76.2931
-76.6755
-76.6755
-76.6755
-76.6755
-76.6075
-76.6075
-76.6075
-76.6755
-76.6075
-76.4296
-76.6075
-76.6075
-76.4296
-76.6075
-76.4296
-76.4296
-76.6075
-76.4296
-76.9081
-76.6755
-77.0054
-76.2931
-76.6755
-76.2931
-76.6075
-76.3287
-76.6075
-76.6075
-76.3287
-76.6075
-76.6075
-76.6075
-76.3995
-76.6075
-76.6075
-76.3995
-76.2931
-76.6075
-76.6075
-76.3995
-76.2931
-76.6075
-76.6075
-76.6075
-76.2931
-76.6075
-76.6075
-76.2931
-76.6075
-76.2931
-76.6075
-76.3995
-76.6075
-76.6075
-76.6075
-76.3995
-76.2931
-76.2931
-76.2931
-76.1850
-76.2931
-76.2931
-76.2931
-76.2931
-76.6075
-76.2931
-76.6075
-76.2931
-76.6075
-76.6075
-76.6755
-76.2931
-75.9638
-76.2931
-76.2931
-76.6075
-76.3287
-76.2931
-76.3287
-76.6075
-76.3287
-76.3287
-76.2931
-76.3287
-76.2931
-76.2931
-76.3287
-76.3287
-76.3287
-76.3287
-76.3287
-76.3287
-76.3287
-76.3287
-76.2931
-76.4296
-76.3287
-75.9638
-76.1714
-76.3287
-76.3287
-75.9638
-75.9638
-75.9638
-75.9638
-75.9638
-75.9638
-76.3287
-76.3287
-76.3287
-75.9638
-75.9638
-76.2931
-76.2931
-75.9638
-76.3287
-76.3287
-76.2931
-76.2931
-76.2931
-76.2931
-76.2931
-75.9638
-76.3287
-75.9638
-76.3287
-75.9638
-75.9638
-75.9638
-76.2931
-76.2931
-75.9638
-75.9638
-75.9638
-75.9638
-76.2931
-75.9638
-75.9638
-75.9638
-76.2931
-76.2931
-75.9638
-75.9638
-76.2931
-76.2931
-75.9638
-75.9638
-76.2931
-76.2931
-76.2931
-75.9638
-76.2931
-75.9638
-76.2931
-75.9638
-75.9638
-75.9638
-75.9638
-75.9638
-75.9638
-76.6075
-76.2931
-76.6075
-75.9638
-75.9638
-75.9638
-75.9638
-75.9638
-75.9638
-75.9638
-75.9638
-76.2931
-75.9638
-76.2931
-76.2931
-76.2638
-76.2931
-76.2931
-76.2931
-76.2931
-75.9638
-76.2931
-76.2931
-75.9638
-75.9638
-76.2931
-75.9638
-75.9638
-75.9638
-75.9638
-76.2931
-75.9638
-75.9638
-75.9638
-75.9638
-75.9638
-75.9638
-76.2931
-75.9638
-76.2931
-75.9638
-76.2931
-75.9638
-76.2931
-75.9638
-75.9638
-76.2931
-75.9638
-75.9638
-75.9638
-76.2931
-75.9638
-75.9638
-75.9638
-75.9638
-75.9638
-76.2931
-76.3287
-75.9638
-75.9638
-75.9638
-75.9638
-76.6755
-75.9638
-75.9638
-75.9638
-76.2931
-75.9638
-75.9638
-75.9638
-75.9638
-75.9638
-75.9638
-75.9638
-75.9638
-76.3287
-75.9638
-75.9638
-75.9638
-75.9638
-75.9638
-75.9638
-75.9638
-75.9638
-75.9638
-75.9638
-75.9638
-75.9638
-75.9638
-75.9638
-75.9638
-75.9638
-75.9638
-75.9638
-75.9638
-75.9638
-75.9638
-75.9638
-75.9638
-75.9638
-75.9638
-75.9638
-75.9638
-75.9638
-75.9638
-75.9638
-75.9638
-75.9638
-75.9638
-75.9638
-75.9638
-75.9638
-75.9638
-75.9638
-75.9638
-75.9638
-75.9638
-75.9638
-75.9638
-75.9638
-75.9638
-75.9638
-75.9638
-75.9638
-75.9638
-75.9638
-75.9638
-76.7595
-75.9638
-75.9638
-75.9638
-75.9638
-76.2931
-76.2931
-75.9638
-75.9638
-75.9638
-75.9638
-75.9638
-75.9638
-75.9638
-75.9638
-75.9638
-75.9638
-75.9638
-75.9638
-75.9638
-75.9638
-75.9638
-75.9638
-75.9638
-75.9638
-75.9638
-75.9638
-75.9638
-75.9638
-75.9638
-75.9638
-75.9638
-75.9638
-75.9638
-75.9638
-75.9638
-75.9638
-75.9638
-75.9638
-75.9638
-75.9638
-75.9638
-75.9638
-75.9638
-75.9638
-75.9638
-75.9638
-75.9638
-75.9638
-75.9638
-75.9638
-75.9638
-75.9638
-75.9638
-75.9638
-75.9638
-75.9638
-75.9638
-75.9638
-75.9638
-75.9638
-75.9638
-75.9638
-75.9638
-75.9638
-75.9638
-75.9638
-75.9638
-75.9638
-75.9638
-75.9638
-75.9638
-75.9638
-75.9638
-75.9638
-75.9638
-75.9638
-75.9638
-75.9638
-75.9638
-75.9638
-75.9638
-75.9638
-75.9638
-75.9638
-75.9638
-75.9638
-75.9638
-75.9638
-75.9638
-75.9638
-75.9638
-75.9638
-75.9638
-75.9638
-75.9638
-75.9638
-75.9638
-75.9638
-75.9638
-75.9638
-75.9638
-75.9638
-75.9638
-75.9638
-75.9638
-75.9638
-75.9638
-75.9638
-75.9638
-75.9638
-75.9638
-75.9638
-75.9638
-75.9638
-75.9638
-75.9638
-75.9638
-75.9638
-75.9638
-75.9638
-75.9638
-75.9638
-75.9638
-75.9638
-75.9638
-75.9638
-75.9638
-75.9638
-75.9638
-75.9638
-75.9638
-75.9638
-75.9638
-75.9638
-75.9638
-75.9638
-75.9638
-75.9638
-75.9638
-75.9638
-75.9638
-75.9638
-75.9638
-75.9638
-75.9638
-75.9638
-75.9638
-75.9638
-75.9638
-75.9638
-75.9638
-75.9638
-75.9638
-75.9638
-75.9638
-75.9638
-75.9638
-75.9638
-75.9638
-75.9638
-75.9638
-75.9638
-75.9638
-75.9638
-75.9638
-75.9638
-75.9638
-75.9638
-75.9638
-75.9638
-75.9638
-75.9638
-75.9638
-75.9638
-75.9638
-75.9638
-75.9638
-75.9638
-75.9638
-75.9638
-75.9638
-75.9638
-75.9638
-75.9638
-75.9638
-75.9638
-75.9638
-75.9638
-75.9638
-75.9638
-75.9638
-75.9638
-75.9638
-75.5297
-75.9638
-75.9638
-75.9638
-75.9638
-75.9638
-75.9638
-75.9638
-75.9638
-75.9638
-75.9638
-75.9638
-75.9638
-75.9638
-75.9638
-75.9638
-75.9638
-75.9638
-75.9638
-75.9638
-75.9638
-75.9638
-75.9638
-75.9638
-75.9638
-75.9638
-75.9638
-75.9638
-75.9638
-75.9638
-75.9638
-75.9638
-75.9638
-75.9638
-75.9638
-75.9638
-75.9638
-75.9638
-75.9638
-75.9638
-75.9638
-75.9638
-75.9638
-75.9638
-75.9638
-75.9638
-75.9638
-75.9638
-75.9638
-75.9638
-75.9638
-75.9638
-75.9638
-75.9638
-75.9638
-75.9638
-75.9638
-75.9638
-75.9638
-75.9638
-75.9638
-75.9638
-75.9638
-75.9638
-75.9638
-75.9638
-75.9638
-75.9638
-75.9638
-75.9638
-75.9638
-75.9638
-75.9638
-75.9638
-75.9638
-75.9638
-75.9638
-75.9638
-75.9638
-75.9638
-75.9638
-75.9638
-75.9638
-75.9638
-75.9638
-75.9638
-75.9638
-75.9638
-75.9638
-75.9638
-75.9638
-75.9638
-75.9638
-75.9638
-75.9638
-75.9638
-75.9638
-75.9638
-75.9638
-75.9638
-75.9638
-75.9638
-75.9638
-75.9638
-75.9638
-75.9638
-75.9638
-75.9638
-75.9638
-75.9638
-75.9638
-75.9638
-75.5793
-75.9638
-75.9638
-75.9638
-75.5297
-75.9638
-75.9638
-75.9638
-75.9638
-75.9638
-75.9638
-75.9638
-75.9638
-75.9638
-75.9638
-75.9638
-75.9638
-75.9638
-75.9638
-75.9638
-75.9638
-75.9638
-75.9638
-75.9638
-75.9638
-75.9638
-75.9638
-75.9638
-75.9638
-75.9638
-75.9638
-75.9638
-75.9638
-75.9638
-75.9638
-75.9638
-75.5297
-75.9638
-75.9638
-75.9638
-75.9638
-75.9638
-75.9638
-75.9638
-75.9638
-75.9638
-75.9638
-75.9638
-75.5297
-75.9638
-75.5297
-75.9638
-75.4656
-75.9638
-75.9638
-75.9638
-75.9638
-75.9638
-75.9638
-75.9638
-75.9638
-75.9638
-75.9638
-75.9638
-75.9638
-75.4656
-75.9638
-75.9638
-75.9638
-75.9638
-75.9638
-75.4656
-75.9638
-75.4656
-75.9638
-75.9638
-75.9638
-75.4656
-75.9638
-75.9638
-75.9638
-75.9638
-75.9638
-75.9638
-75.9638
-75.9638
-75.9638
-75.9638
-75.9638
-75.9638
-75.9638
-75.9638
-75.9638
-75.9638
-75.9638
-75.9638
-75.9638
-75.9638
-75.9638
-75.9638
-75.5297
-75.9638
-75.9638
-75.9638
-75.9638
-75.9638
-75.9638
-75.5297
-75.9638
-75.9638
-75.9638
-75.9638
-75.9638
-74.9817
-75.9638
-75.9638
-75.9638
-75.9638
-75.9638
-75.9638
-75.9638
-75.9638
-75.9638
-75.9638
-75.9638
-75.9638
-75.9638
-75.9638
-75.9638
-75.9638
-75.9638
-75.6186
-75.9638
-75.6186
-75.9638
-75.6186
-75.9638
-75.6186
-75.5297
-75.5297
-75.4656
-75.5297
-75.9638
-75.9638
-75.9638
-75.9638
-75.4656
-75.5297
-75.5297
-75.5297
-75.9638
-75.6186
-75.9638
-75.9638
-75.9638
-75.9638
-75.5297
-75.5297
-75.9638
-75.4656
-75.9638
-75.9638
-75.4656
-75.9638
-75.9638
-75.9638
-75.5297
-75.5297
-75.5297
-75.4656
-75.9638
-75.9638
-75.9638
-75.9638
-75.4656
-75.9638
-75.9638
-75.0686
-75.4656
-75.9638
-75.9638
-75.9638
-75.9638
-75.9638
-75.9638
-75.9638
-75.9638
-75.9638
-75.9638
-75.9638
-75.9638
-75.5297
-75.9638
-75.9638
-75.9638
-75.9638
-75.9638
-75.9638
-75.9638
-75.9638
-75.6186
-75.9638
-75.5297
-75.9638
-75.9638
-75.5793
-75.5297
-75.5297
-75.9638
-75.9638
-75.6186
-75.5297
-75.5297
-75.9638
-75.5297
-75.5297
-75.9638
-75.9638
-75.5297
-75.5793
-75.5793
-75.5793
-75.9638
-75.5297
-75.6186
-75.9638
-75.5297
-75.5297
-75.5297
-75.5297
-75.6186
-75.5297
-75.4656
-75.6186
-75.5297
-75.5297
-75.9638
-75.4656
-75.4656
-75.4656
-75.9638
-75.9638
-75.4656
-75.5297
-75.4656
-75.4656
-75.1736
-75.5297
-75.9638
-75.4656
-75.9638
-75.1736
-75.4656
-75.4656
-75.4656
-75.1736
-75.9638
-75.0686
-75.4656
-75.9638
-75.5297
-75.4656
-75.9638
-75.5297
-75.5297
-75.5297
-75.5297
-75.9638
-75.5297
-75.4656
-75.9638
-75.9638
-75.9638
-75.9638
-75.5793
-75.4656
-75.5297
-75.4656
-75.5793
-75.4656
-75.4656
-75.4656
-75.4656
-75.5793
-75.4656
-75.3792
-75.3792
-75.4656
-75.3792
-75.9638
-75.4656
-75.3792
-75.3792
-75.4656
-75.3792
-75.4656
-75.9638
-75.9638
-75.4656
-75.4656
-75.4656
-75.4656
-75.9638
-75.4656
-75.9638
-75.3792
-75.3792
-75.5297
-75.9638
-75.9638
-75.3792
-75.3792
-75.3792
-75.9638
-75.9638
-75.3792
-75.3792
-75.3792
-75.5297
-75.9638
-75.9638
-75.4656
-75.3792
-75.5297
-75.3792
-75.3792
-75.9638
-75.5297
-75.4656
-75.3792
-75.3792
-74.7449
-75.3792
-75.0686
-75.9638
-75.9638
-75.3792
-75.5298
-75.0686
-75.4656
-75.5297
-75.5298
-75.9638
-75.0686
-75.5297
-75.4656
-75.5298
-75.4656
-75.9638
-75.4656
-75.5298
-75.9638
-75.4656
-75.4656
-75.5297
-75.3792
-75.5298
-75.4656
-75.4656
-75.5297
-75.5297
-75.4656
-75.3792
-75.5298
-75.4656
-75.5298
-75.2565
-75.4656
-75.3792
-75.4656
-75.9638
-75.4656
-75.4656
-75.5297
-75.9638
-75.6187
-75.9638
-75.3792
-75.5297
-75.2565
-75.4656
-75.4656
-75.4656
-75.6186
-75.2565
-75.3792
-75.5793
-74.9817
-75.0686
-75.2565
-75.0686
-75.2565
-75.6186
-75.5297
-75.2565
-75.2565
-75.5297
-75.4656
-75.2565
-75.4656
-75.0686
-75.9638
-75.2565
-75.5297
-75.2565
-75.5297
-75.5297
-75.9638
-75.9638
-75.5297
-75.9638
-75.0686
-75.5297
-75.6187
-75.6186
-75.9638
-75.2565
-75.6186
-75.0686
-75.9638
-75.5297
-75.5297
-75.9638
-75.4656
-75.9638
-75.4656
-75.5297
-75.6186
-75.5297
-75.5297
-75.5297
-75.5297
-75.5297
-75.5297
-75.0686
-75.5297
-75.6186
-75.5297
-75.5297
-75.2565
-75.4656
-75.5297
-75.5297
-75.4656
-75.5297
-75.2565
-75.4656
-75.5297
-75.5297
-75.5297
-75.4656
-75.6186
-75.2565
-75.5297
-75.4656
-75.4656
-75.4656
-75.5297
-75.4656
-75.5297
-75.4656
-75.4656
-75.4656
-75.4656
-75.4656
-75.2565
-75.1736
-75.4656
-75.2565
-75.4656
-75.9638
-75.3792
-75.2565
-75.4656
-75.2565
-75.4656
-75.0686
-75.4656
-75.2565
-75.2565
-75.5297
-75.2565
-75.3792
-75.4656
-75.2565
-75.0686
-75.2565
-75.2565
-75.4656
-75.2565
-74.6238
-75.4656
-75.1736
-75.4656
-75.4656
-75.0686
-74.4072
-75.0686
-75.4656
-75.6186
-75.5297
-75.2565
-75.2565
-75.9638
-75.0686
-75.6187
-75.9638
-75.6187
-75.4656
-75.5793
-75.2565
-75.6187
-75.0686
-75.0686
-75.5793
-75.3792
-75.5297
-75.0686
-75.6187
-75.2565
-75.6187
-75.6187
-75.0686
-75.5297
-75.5297
-75.4656
-75.5297
-75.5297
-75.5793
-74.6238
-75.5297
-75.5297
-74.4072
-75.3792
-74.7449
-75.4656
-75.3792
-75.5297
-75.6187
-75.2565
-75.4656
-75.5297
-75.6187
-75.3792
-75.1736
-75.3792
-75.2565
-75.5297
-75.4656
-75.4656
-74.9315
-75.5297
-75.3792
-75.4656
-75.1736
-75.5297
-75.4656
-75.5297
-75.5297
-75.5297
-75.0686
-75.5297
-75.9638
-75.5297
-75.5297
-75.4656
-75.0686
-75.1736
-75.2565
-75.1736
-75.5297
-75.1736
-75.1736
-75.2565
-75.4656
-74.6238
-75.4656
-75.5297
-75.5297
-75.5297
-75.4656
-75.2565
-75.5297
-75.1736
-75.2565
-75.5297
-75.4656
-75.4656
-75.0686
-75.4656
-75.1736
-75.0686
-75.2565
-75.0686
-75.1736
-75.5297
-75.0686
-75.5297
-75.5297
-75.5297
-75.0686
-75.0686
-75.0686
-75.1736
-75.4656
-75.2565
-75.4656
-75.2565
-75.1736
-75.5297
-75.5793
-75.0686
-75.1736
-75.2565
-75.4656
-75.0686
-75.1736
-75.0686
-75.0686
-75.4656
-75.0686
-75.0686
-75.0686
-75.2565
-75.1736
-75.1736
-75.2565
-75.0686
-75.1736
-75.0686
-75.0686
-75.1736
-75.0686
-75.0686
-75.1736
-75.2565
-75.4656
-75.0686
-75.0686
-75.0686
-75.4656
-75.0686
-75.0686
-75.0686
-75.0686
-74.4072
-75.4656
-75.0686
-75.3792
-75.4656
-75.0686
-75.0686
-75.1736
-74.9315
-75.4656
-75.0686
-75.4656
-75.4656
-74.9315
-75.4656
-75.4656
-75.4656
-75.0686
-75.4656
-75.4656
-75.4656
-75.4656
-75.0686
-75.4656
-75.3792
-74.7449
-75.4656
-75.4656
-75.0686
-74.9315
-75.4656
-74.7449
-75.3792
-75.3792
-75.0686
-75.3792
-75.3792
-75.0686
-75.3792
-75.1736
-75.3792
-75.2565
-75.2565
-75.4656
-75.4656
-75.4656
-75.4656
-74.7449
-75.0686
-75.3792
-75.3792
-75.4656
-75.3792
-75.3792
-74.9315
-75.3792
-75.4656
-75.0686
-75.4656
-75.4656
-75.3792
-75.3792
-75.0686
-75.0686
-75.0686
-75.3792
-75.0686
-74.9315
-75.0686
-74.9315
-75.0686
-75.3792
-75.0686
-75.0686
-75.3792
-74.9315
-75.3792
-75.3792
-75.3792
-75.0686
-75.0686
-75.3792
-75.3792
-75.1736
-75.0686
-74.9315
-74.9315
-75.0686
-75.3792
-74.9315
-74.9315
-74.9315
-75.9638
-75.2565
-74.9315
-75.0686
-75.1736
-74.9315
-75.0686
-75.0686
-75.3792
-75.0686
-74.9315
-74.9315
-74.9315
-75.0686
-75.0686
-75.0686
-75.0686
-75.0686
-74.9315
-75.0686
-74.9315
-75.1736
-75.0686
-75.0686
-74.9315
-74.9315
-74.9315
-75.0686
-74.9315
-74.9315
-75.0686
-74.9315
-75.4656
-75.0686
-75.0686
-75.4656
-75.5297
-75.0686
-75.1736
-75.0686
-75.0686
-75.4656
-75.0686
-75.5297
-74.9315
-75.4656
-75.5297
-75.4656
-75.4656
-75.4656
-74.9315
-74.9315
-74.9315
-74.9315
-75.3792
-74.9315
-74.9315
-74.9315
-74.9315
-75.0686
-75.0686
-75.0686
-74.0546
-74.9315
-75.4656
-75.5297
-74.9315
-74.9315
-74.9315
-75.0686
-75.0686
-75.0686
-75.1736
-74.9315
-75.9638
-75.0686
-75.0686
-74.9315
-75.0686
-75.0686
-75.0686
-75.3792
-75.0686
-75.0686
-74.9315
-75.0686
-75.0686
-75.3792
-75.0686
-74.9315
-75.0686
-75.1736
-75.0686
-75.0686
-74.9315
-75.1736
-75.4656
-75.3792
-75.0686
-75.0686
-74.9315
-75.0686
-75.3792
-75.0686
-74.9315
-74.9315
-75.0686
-75.1736
-74.9315
-74.9315
-75.1736
-75.1736
-75.0686
-74.9315
-75.0686
-74.9315
-75.5297
-74.9315
-74.9315
-75.0686
-74.9315
-75.0686
-74.9315
-75.0686
-75.0686
-75.4656
-74.9315
-75.0686
-75.0686
-75.0686
-74.9315
-75.4656
-75.0686
-75.0686
-75.3792
-75.0686
-75.0686
-75.4656
-75.4656
-74.9315
-75.2565
-74.9315
-75.0686
-74.9315
-75.0686
-75.4656
-75.4656
-74.9315
-74.9315
-74.8760
-75.5297
-75.4656
-74.9315
-74.9315
-75.1736
-74.9315
-75.4656
-74.9315
-75.4656
-75.4656
-75.4656
-75.5297
-75.4656
-74.9315
-75.5297
-75.5297
-75.0686
-74.7449
-75.3792
-74.9315
-75.3792
-74.9315
-74.9315
-74.9315
-75.4656
-75.4656
-74.9315
-75.4656
-75.1736
-75.0686
-74.2489
-74.9315
-75.4656
-75.0686
-75.0686
-75.2565
-75.0686
-74.9315
-75.0686
-75.2565
-75.4656
-75.4656
-75.4656
-74.1808
-75.0686
-75.4656
-75.4656
-75.4656
-75.3792
-75.0686
-74.7449
-75.3792
-75.4656
-75.0686
-75.2565
-74.7449
-74.9315
-75.2565
-75.0686
-75.0686
-75.3792
-74.9315
-75.0686
-74.9315
-75.0686
-75.3792
-74.2489
-74.9315
-75.2565
-74.9315
-74.9315
-75.4656
-74.9315
-75.3792
-75.5297
-74.2489
-75.0686
-75.4656
-74.9315
-74.9315
-75.4656
-75.4656
-75.0686
-75.4656
-75.0686
-75.2565
-75.4656
-75.4656
-75.4656
-75.2565
-75.4656
-75.3792
-75.0686
-74.7449
-75.2565
-75.4656
-75.4656
-75.0686
-75.0686
-74.9315
-75.0686
-75.4656
-75.4656
-74.9315
-75.5297
-75.2565
-75.4656
-74.9315
-74.9315
-75.0686
-75.1736
-75.4656
-74.8760
-75.4656
-75.4656
-75.1736
-75.3792
-75.0686
-75.0686
-74.7449
-75.4656
-75.4656
-75.3792
-75.1736
-75.4656
-74.9315
-74.9315
-75.0686
-75.4656
-75.4656
-75.4656
-75.5297
-75.4656
-75.4656
-75.2565
-75.0686
-75.3792
-74.7449
-75.2565
-75.0686
-75.4656
-75.0686
-75.0686
-75.2565
-75.3792
-75.0686
-74.7449
-74.7449
-75.2565
-75.2565
-74.9817
-75.2565
-75.5297
-75.0686
-75.4656
-74.5779
-75.2565
-75.0686
-75.4656
-74.7449
-75.0686
-75.2565
-75.0686
-75.4656
-75.2565
-75.5297
-74.7449
-75.3792
-75.2565
-75.3792
-75.2565
-75.3792
-75.3792
-75.0686
-75.3792
-75.0686
-75.4656
-74.7449
-75.2565
-75.4656
-74.7449
-75.4656
-75.0686
-75.2565
-75.0686
-75.4656
-75.5297
-75.2565
-75.4656
-75.2565
-74.9315
-75.0686
-75.2565
-75.4656
-74.7449
-75.0686
-75.2565
-74.9817
-75.2565
-75.2565
-75.3792
-74.8760
-75.0686
-75.3792
-74.7449
-75.2565
-75.4656
-75.0686
-75.3792
-75.2565
-75.0686
-75.0686
-75.2565
-74.9817
-75.3792
-74.7449
-75.1736
-75.0686
-75.2565
-75.3792
-75.4656
-75.2565
-75.2565
-75.3792
-74.8760
-75.2565
-75.2565
-75.0686
-74.5779
-74.7449
-75.4656
-74.8760
-75.4656
-75.4656
-75.4656
-74.7449
-75.2565
-74.9315
-74.7449
-75.2565
-75.1736
-75.2565
-75.4656
-75.4656
-75.0686
-74.9315
-75.4656
-75.2565
-75.3792
-75.4656
-75.2565
-75.2565
-75.3792
-74.7449
-75.4656
-74.9817
-75.1736
-75.3792
-74.9315
-74.8760
-74.5779
-75.2565
-74.9817
-75.4656
-75.0686
-75.3792
-75.0686
-74.9315
-75.4656
-75.2565
-75.3792
-75.2565
-75.4656
-75.2565
-75.3792
-74.9315
-75.4656
-75.0686
-75.4656
-74.7449
-74.9315
-74.9315
-75.0686
-75.1736
-74.8760
-75.0686
-74.9315
-74.7449
-74.7449
-74.9315
-75.5297
-75.1736
-75.4656
-74.9315
-75.0686
-75.4656
-74.9315
-75.4656
-75.4656
-74.4072
-74.9315
-75.4656
-75.4656
-74.2489
-74.8760
-75.0686
-75.3792
-74.5779
-74.9315
-74.9315
-75.0686
-75.0686
-75.4656
-74.8760
-75.5297
-75.1736
-75.3792
-75.4656
-75.3792
-75.4656
-74.9315
-75.0686
-75.5297
-75.1736
-75.3792
-74.9315
-75.1736
-75.1736
-74.9315
-75.3792
-74.9315
-75.0686
-75.3792
-75.3792
-75.4656
-75.0686
-75.0686
-75.0686
-75.5297
-74.6238
-75.1736
-75.2565
-75.0686
-75.3792
-75.0686
-75.4656
-74.7449
-75.2565
-75.3792
-75.4656
-75.3792
-74.9315
-74.9315
-75.3792
-75.2565
-75.0686
-75.4656
-74.9817
-75.4656
-75.0686
-75.4656
-75.3792
-74.9817
-75.4656
-75.2565
-75.0686
-75.0686
-75.0686
-75.2565
-75.4656
-75.4656
-75.4656
-75.4656
-75.0686
-75.4656
-75.4656
-75.4656
-75.4656
-75.2565
-75.3792
-75.0686
-74.9315
-74.9315
-75.3792
-75.4656
-75.4656
-75.1736
-75.0686
-74.7449
-75.2565
-75.3792
-75.4656
-75.2565
-75.1736
-75.3792
-74.9817
-75.0686
-74.4072
-75.2565
-75.2565
-75.2565
-75.4656
-75.2565
-75.2565
-74.9315
-75.3792
-74.7449
-75.0686
-75.4656
-75.2565
-75.2565
-75.2565
-74.9315
-75.0686
-75.3792
-75.3792
-75.0686
-75.2565
-75.2565
-74.9315
-75.1736
-75.5297
-75.0686
-75.0686
-75.2565
-74.5779
-75.0686
-74.9315
-75.0686
-75.2565
-75.0686
-75.0686
-75.2565
-75.0686
-75.2565
-75.0686
-75.2565
-74.7449
-75.2565
-75.0686
-75.0686
-75.1736
-75.2565
-75.2565
-75.0686
-75.2565
-75.2565
-75.2565
-75.0686
-75.3792
-75.0686
-75.1736
-75.2565
-74.7449
-75.0686
-75.1736
-75.0686
-75.2565
-75.0686
-74.7449
-75.4656
-75.2565
-75.0686
-75.4656
-75.4656
-75.0686
-75.0686
-75.0686
-75.0686
-74.9315
-75.0686
-75.2565
-75.2565
-75.0686
-75.0686
-75.3792
-75.2565
-75.1736
-75.1736
-75.0686
-75.0686
-75.2565
-74.7449
-75.0686
-75.2565
-75.3792
-74.7449
-74.9315
-75.0686
-75.0686
-75.4656
-75.3792
-75.0686
-75.0686
-75.0686
-75.0686
-75.1736
-75.1736
-75.0686
-75.2565
-74.9315
-75.2565
-75.0686
-75.2565
-75.2565
-75.0686
-75.0686
-75.0686
-75.3792
-75.2565
-75.0686
-75.4656
-75.0686
-75.2565
-74.7449
-75.2565
-75.2565
-75.0686
-75.0686
-75.2565
-75.2565
-75.2565
-75.3792
-75.2565
-75.0686
-75.2565
-75.4656
-75.0686
-75.0686
-75.0686
-75.3792
-74.7449
-74.5779
-75.2565
-74.7449
-75.2565
-75.2565
-75.3792
-75.4656
-75.3792
-75.3792
-75.2565
-75.3792
-75.3792
-75.3792
-74.7449
-75.5297
-75.4656
-75.0686
-75.2565
-75.4656
-75.4656
-74.5779
-74.7449
-75.0686
-75.2565
-75.2565
-74.9315
-75.2565
-74.2489
-75.3792
-75.4656
-75.0686
-75.0686
-75.0686
-75.2565
-75.0686
-75.4656
-75.2565
-75.0686
-75.2565
-75.3792
-75.2565
-75.0686
-75.5297
-74.9817
-75.4656
-74.2489
-74.8760
-75.0686
-75.4656
-75.0686
-75.4656
-75.4656
-74.8760
-75.4656
-74.2489
-75.3792
-75.3792
-75.4656
-74.9315
-74.8760
-75.0686
-74.9315
-75.4656
-74.9817
-75.0686
-75.0686
-75.0686
-75.4656
-75.1736
-75.2565
-74.9817
-75.0686
-75.5297
-75.4656
-75.0686
-75.0686
-75.3792
-74.4072
-74.8760
-75.0686
-74.9315
-75.0686
-75.3792
-75.0686
-75.0686
-75.0686
-75.4656
-75.0686
-75.0686
-75.5297
-75.4656
-75.4656
-75.3792
-75.3792
-75.0686
-75.4656
-74.9817
-75.0686
-75.5297
-75.5297
-74.7449
-75.0686
-75.4656
-75.0686
-74.9315
-75.4656
-74.9315
-75.3792
-74.7449
-75.4656
-75.5297
-75.0686
-74.9315
-74.9315
-75.4656
-75.4656
-74.7449
-74.9315
-75.3792
-75.0686
-75.4656
-75.0686
-75.1736
-75.0686
-75.2565
-75.2565
-74.9315
-75.1736
-75.4656
-75.0686
-75.4656
-75.0686
-74.7449
-74.5779
-75.5297
-75.0686
-75.4656
-75.0686
-75.3792
-75.0686
-75.0686
-75.2565
-74.9315
-75.5297
-75.2565
-75.4656
-75.3792
-74.9817
-75.5297
-75.3792
-75.0686
-74.8760
-75.4656
-75.0686
-74.9315
-74.9315
-75.4656
-74.7449
-74.9315
-75.0686
-75.0686
-75.4656
-75.4656
-74.9315
-75.4656
-75.0686
-75.5297
-74.9315
-75.0686
-75.4656
-74.9315
-75.4656
-75.4656
-74.9315
-75.1736
-75.1736
-74.9315
-75.5297
-75.0686
-75.4656
-75.0686
-75.0686
-75.5297
-75.1736
-75.1736
-74.9315
-75.4656
-75.0686
-75.4656
-74.9315
-74.9315
-75.0686
-75.0686
-74.9315
-74.9315
-75.0686
-75.0686
-75.0686
-75.0686
-74.9315
-74.9315
-75.0686
-75.0686
-75.0686
-74.9315
-75.4656
-74.9315
-74.4072
-75.4656
-75.4656
-74.9315
-75.4656
-75.0686
-75.0686
-75.4656
-75.4656
-75.2565
-75.4656
-75.0686
-75.5297
-75.3792
-74.4072
-75.4656
-75.0686
-75.0686
-75.1736
-75.3792
-75.0686
-74.9315
-74.9315
-75.4656
-74.7449
-75.4656
-75.0686
-75.4656
-75.0686
-75.4656
-74.9315
-75.5297
-75.5297
-75.4656
-75.4656
-74.9315
-75.5297
-75.3792
-75.0686
-75.4656
-74.4072
-75.1736
-75.4656
-74.9315
-75.4656
-74.4072
-74.2489
-74.9315
-75.3792
-75.1736
-75.4656
-74.9315
-75.1736
-75.0686
-74.9315
-74.8760
-74.9315
-75.5297
-75.0686
-75.4656
-75.2565
-74.9315
-74.9315
-74.9315
-74.7449
-75.0686
-75.5297
-75.5297
-75.3792
-75.3792
-74.9315
-75.3792
-75.0686
-75.0686
-74.9315
-75.0686
-75.0686
-74.9315
-74.9315
-75.0686
-75.0686
-75.0686
-75.0686
-74.9315
-75.5297
-75.3792
-75.4656
-75.0686
-74.9315
-75.0686
-74.9315
-75.0686
-75.2565
-74.9315
-74.9315
-75.4656
-75.1736
-75.1736
-75.4656
-74.9315
-74.9315
-75.0686
-74.9315
-75.4656
-75.0686
-75.0686
-75.0686
-75.3792
-75.4656
-75.0686
-75.5297
-75.5297
-75.4656
-74.9315
-75.0686
-75.0686
-75.1736
-74.9315
-75.0686
-75.0686
-75.0686
-75.0686
-74.9315
-75.0686
-75.0686
-75.0686
-74.9315
-75.0686
-75.0686
-74.7449
-75.0686
-75.0686
-74.9315
-75.0686
-74.9315
-74.9315
-74.9315
-75.0686
-75.0686
-75.0686
-75.0686
-74.9315
-75.0686
-74.9315
-74.2489
-75.3792
-75.1736
-75.4656
-75.1736
-75.4656
-75.4656
-75.4656
-74.9315
-75.4656
-74.9315
-75.3792
-75.4656
-74.9315
-75.5297
-74.8760
-74.9315
-75.0686
-75.4656
-74.9315
-75.4656
-75.4656
-75.2565
-74.9315
-75.1736
-75.0686
-75.3792
-75.3792
-75.5297
-75.0686
-75.0686
-75.0686
-74.7449
-75.5297
-75.0686
-75.5297
-74.9817
-75.0686
-75.1736
-74.4072
-75.0686
-75.0686
-74.9315
-75.1736
-75.0686
-75.4656
-75.1736
-74.9315
-74.9315
-75.0686
-75.4656
-75.0686
-75.1736
-74.9315
-75.4656
-75.4656
-74.9315
-75.0686
-74.9315
-74.9315
-75.0686
-74.9315
-75.0686
-75.0686
-75.0686
-75.4656
-74.9315
-74.9315
-75.0686
-75.3792
-75.3792
-75.0686
-75.0686
-75.0686
-75.3792
-75.0686
-74.9315
-75.0686
-75.1736
-75.3792
-75.3792
-75.2565
-75.0686
-75.2565
-75.0686
-75.0686
-75.0686
-75.3792
-75.3792
-75.0686
-75.0686
-75.3792
-75.4656
-74.9315
-75.0686
-75.0686
-75.3792
-75.5297
-74.9315
-75.0686
-75.3792
-75.5297
-75.0686
-75.0686
-75.1736
-75.1736
-75.0686
-75.4656
-75.3792
-75.0686
-74.9315
-75.0686
-75.0686
-75.3792
-74.9315
-75.1736
-75.0686
-74.9315
-75.0686
-75.0686
-74.9315
-75.0686
-75.0686
-75.0686
-75.0686
-74.9315
-75.0686
-75.0686
-75.0686
-74.9315
-75.0686
-74.9315
-75.3792
-75.3792
-75.3792
-75.0686
-75.3792
-75.0686
-74.9315
-75.0686
-75.0686
-75.3792
-75.3792
-75.3792
-75.3792
-75.2565
-74.9315
-75.4656
-75.0686
-75.1736
-75.4656
-75.0686
-75.0686
-75.4656
-75.4656
-75.4656
-75.3792
-75.3792
-75.3792
-75.5297
-75.3792
-75.5297
-75.0686
-75.0686
-75.3792
-75.1736
-75.0686
-75.0686
-75.3792
-75.0686
-75.0686
-75.0686
-75.3792
-75.4656
-74.9315
-75.0686
-75.3792
-75.0686
-74.9315
-75.2565
-75.3792
-75.3792
-74.9315
-75.0686
-75.0686
-75.3792
-75.4656
-75.3792
-75.3792
-75.3792
-75.4656
-75.0686
-74.9315
-75.3792
-75.4656
-75.0686
-75.3792
-75.3792
-75.0686
-75.0686
-75.0686
-75.0686
-75.3792
-75.0686
-75.0686
-75.3792
-75.0686
-75.3792
-75.0686
-75.4656
-75.4656
-75.0686
-74.9315
-74.9315
-75.0686
-75.0686
-75.0686
-75.5297
-75.3792
-75.3792
-75.0686
-74.9315
-75.3792
-75.0686
-74.9315
-74.9315
-75.0686
-75.0686
-75.4656
-75.2565
-75.0686
-75.4656
-74.9315
-75.3792
-75.3792
-75.3792
-75.0686
-75.0686
-75.4656
-75.4656
-75.3792
-75.4656
-75.0686
-75.3792
-75.3792
-75.4656
-75.4656
-75.4656
-75.3792
-75.3792
-75.3792
-75.3792
-75.3792
-75.2565
-75.3792
-75.0686
-75.0686
-75.4656
-75.3792
-75.0686
-75.4656
-75.1736
-74.9315
-74.8760
-75.1736
-75.4656
-75.4656
-75.3792
-75.4656
-75.0686
-75.2565
-75.4656
-75.3792
-75.3792
-75.0686
-75.0686
-74.7449
-75.4656
-75.3792
-75.0686
-75.3792
-75.4656
-74.4072
-75.0686
-75.4656
-75.0686
-75.4656
-75.3792
-75.4656
-75.3792
-75.3792
-75.3792
-75.4656
-75.3792
-75.0686
-75.3792
-75.3792
-75.3792
-75.3792
-74.4072
-75.0686
-75.0686
-75.0686
-74.9315
-75.3792
-75.4656
-74.2489
-75.2565
-75.2565
-75.4656
-75.3792
-75.3792
-75.4656
-75.4656
-75.2565
-75.3792
-75.4656
-75.0686
-75.4656
-75.4656
-75.4656
-75.0686
-75.4656
-75.4656
-75.4656
-75.4656
-75.4656
-75.0686
-75.5297
-75.0686
-75.4656
-75.3792
-75.4656
-75.4656
-75.3792
-75.3792
-75.0686
-75.4656
-74.9315
-75.0686
-75.4656
-75.0686
-75.0686
-75.4656
-75.1736
-74.9315
-75.0686
-74.9315
-75.4656
-75.4656
-75.0686
-74.9315
-75.4656
-74.9315
-75.0686
-75.0686
-75.4656
-75.0686
-74.4072
-75.0686
-75.3792
-75.2565
-75.3792
-74.9315
-75.0686
-75.0686
-75.0686
-75.0686
-75.0686
-75.1736
-75.1736
-75.0686
-75.0686
-75.1736
-75.0686
-75.0686
-75.3792
-75.1736
-75.0686
-75.4656
-75.0686
-75.4656
-75.0686
-75.4656
-75.0686
-75.0686
-75.5297
-75.4656
-75.0686
-75.4656
-75.0686
-74.2489
-74.9315
-75.3792
-74.9315
-75.3792
-74.9315
-75.4656
-75.2565
-75.0686
-75.4656
-75.2565
-75.0686
-75.4656
-74.4072
-75.4656
-75.0686
-74.9315
-75.0686
-74.9315
-75.0686
-74.4072
-75.3792
-75.0686
-75.4656
-75.4656
-75.4656
-75.4656
-75.0686
-75.4656
-75.4656
-75.0686
-75.0686
-74.9315
-75.4656
-74.9315
-75.4656
-75.4656
-75.4656
-74.2489
-74.2489
-75.0686
-74.9315
-75.0686
-75.0686
-75.0686
-75.0686
-75.4656
-75.0686
-75.4656
-75.4656
-75.4656
-74.9315
-75.0686
-75.4656
-74.4072
-75.3792
-75.4656
-75.4656
-75.4656
-75.4656
-75.0686
-75.0686
-75.3792
-75.0686
-75.0686
-74.9315
-74.9315
-75.0686
-75.4656
-75.4656
-75.4656
-75.5793
-75.0686
-75.4656
-75.0686
-75.4656
-75.4656
-74.9315
-75.0686
-75.4656
-75.3792
-75.4656
-75.0686
-75.4656
-75.4656
-75.0686
-75.0686
-75.0686
-75.0686
-75.0686
-75.0686
-75.1736
-75.0686
-75.3792
-75.0686
-75.0686
-75.0686
-75.1736
-75.0686
-75.4656
-75.2565
-75.1736
-75.0686
-75.1736
-75.2565
-75.2565
-75.0686
-75.4656
-75.0686
-75.0686
-75.1736
-75.0686
-75.1736
-75.0686
-75.4656
-75.1736
-75.2565
-75.1736
-75.2565
-74.6238
-75.4656
-75.5297
-75.4656
-75.9638
-75.0686
-75.0686
-75.0686
-75.0686
-75.2565
-75.2565
-75.0686
-75.4656
-75.1736
-75.4656
-75.4656
-75.1736
-75.1736
-75.4656
-75.0686
-75.2565
-75.2565
-75.2565
-75.0686
-75.0686
-75.0686
-75.3236
-75.1736
-75.1736
-75.4656
-75.1736
-75.2565
-75.1736
-75.2565
-75.2565
-75.2565
-75.4656
-75.2565
-75.1736
-75.4656
-75.1736
-75.4656
-75.2565
-75.2565
-75.2565
-75.3792
-75.0686
-75.4656
-75.1736
-75.0686
-75.4656
-75.2565
-74.9315
-75.0686
-75.2565
-75.4656
-75.4656
-75.4656
-75.0686
-75.2565
-75.4656
-75.5297
-75.1736
-75.4656
-75.1736
-75.4656
-74.6238
-75.2565
-75.1736
-75.5297
-75.2565
-75.0686
-75.5297
-74.6238
-75.4656
-75.2565
-75.0686
-75.4656
-75.0686
-75.0686
-75.2565
-75.1736
-75.4656
-75.1736
-75.1736
-75.1736
-75.1736
-75.4656
-75.1736
-75.2565
-75.1736
-75.0686
-75.0686
-75.0686
-75.2565
-75.2565
-75.0686
-75.0686
-75.2565
-75.0686
-75.0686
-75.0686
-75.4656
-75.0686
-75.0686
-75.1736
-75.0686
-75.4656
-75.0686
-75.0686
-75.4656
-75.1736
-75.0686
-75.0686
-75.3792
-75.1736
-75.0686
-75.1736
-75.5297
-75.0686
-75.3792
-75.0686
-75.1736
-75.4656
-75.4656
-75.4656
-75.5297
-75.1736
-75.0686
-75.4656
-75.0686
-75.0686
-75.4656
-75.1736
-75.1736
-75.2565
-75.5297
-75.2565
-75.0686
-75.0686
-75.1736
-75.4656
-75.1736
-75.0686
-75.0686
-75.3792
-75.1736
-75.4656
-75.0686
-75.4656
-75.4656
-75.1736
-75.2565
-75.0686
-74.9315
-75.3792
-75.4656
-75.4656
-75.1736
-75.1736
-75.2565
-75.2565
-75.1736
-75.0686
-75.2565
-75.2565
-75.2565
-75.4656
-75.0686
-75.0686
-75.0686
-75.0686
-75.1736
-75.4656
-75.1736
-75.2565
-75.4656
-75.2565
-75.4656
-75.2565
-75.1736
-75.4656
-75.2565
-75.2565
-75.0686
-75.1736
-75.1736
-75.1736
-75.0686
-75.1736
-75.2565
-75.0686
-75.4656
-75.4656
-75.4656
-75.2565
-75.4656
-75.5297
-75.1736
-75.0686
-75.2565
-75.4656
-75.1736
-75.1736
-75.0686
-75.0686
-75.0686
-75.0686
-75.2565
-75.5297
-75.0686
-75.2565
-75.5297
-75.5297
-75.0686
-75.4656
-75.0686
-74.9315
-75.5297
-75.1736
-75.5297
-75.1736
-75.2565
-75.4656
-75.4656
-75.4656
-75.1736
-75.2565
-75.5297
-75.4656
-75.5297
-75.4656
-75.2565
-75.5297
-75.4656
-74.6238
-75.2565
-75.6186
-75.5297
-75.4656
-75.5297
-75.2565
-75.6187
-75.4656
-75.5297
-75.3792
-75.4656
-75.4656
-75.5297
-75.5297
-75.5297
-75.5297
-75.5297
-75.5297
-75.2565
-75.5297
-75.4656
-75.5297
-75.0686
-75.3792
-75.5297
-75.2565
-75.4656
-75.0686
-75.0686
-75.3792
-75.4656
-75.5297
-74.6238
-75.5297
-75.5297
-75.6186
-75.5297
-75.4656
-75.5297
-74.9315
-75.4656
-75.5297
-75.4656
-75.3792
-75.5297
-75.5793
-75.5297
-75.4656
-75.4656
-74.2489
-75.0686
-75.5297
-75.5297
-75.0686
-75.4656
-75.6187
-75.3792
-74.9315
-75.6186
-75.0686
-75.3792
-75.0686
-75.0686
-75.4656
-75.0686
-75.1736
-75.0686
-75.4656
-75.4656
-75.3792
-75.5297
-75.5297
-75.5297
-75.6186
-74.8760
-75.5297
-75.5297
-75.4656
-75.5297
-75.5297
-75.5297
-75.5297
-75.2565
-75.5297
-75.3792
-75.4656
-75.0686
-75.5297
-75.4656
-75.5297
-75.5297
-75.4656
-75.0686
-75.5297
-74.6238
-75.1736
-75.0686
-75.4656
-75.2565
-75.5297
-75.4656
-75.2565
-75.5297
-75.3792
-75.5297
-75.5297
-75.4656
-75.5297
-75.5297
-75.2565
-75.5297
-75.4656
-75.5297
-75.5297
-75.4656
-75.3792
-75.5297
-75.4656
-75.1736
-75.1736
-75.2565
-75.2565
-75.5297
-75.3792
-75.4656
-75.4656
-75.2565
-75.2565
-75.2565
-75.4656
-75.2565
-75.4656
-75.4656
-75.4656
-75.4656
-75.1736
-75.5297
-75.4656
-75.2565
-75.5297
-74.9315
-75.0686
-75.5297
-74.6238
-75.5297
-75.0686
-75.2565
-75.5297
-75.1736
-75.4656
-75.2565
-75.4656
-74.9315
-75.0686
-75.0686
-75.1736
-75.0686
-75.4656
-75.0686
-75.1736
-75.4656
-75.3792
-75.4656
-75.1736
-75.4656
-75.4656
-74.9315
-75.0686
-75.1736
-75.3792
-75.1736
-75.4656
-75.4656
-75.2565
-75.4656
-75.5297
-75.4656
-75.4656
-75.2565
-75.4656
-75.4656
-75.1736
-75.4656
-75.4656
-74.7449
-75.4656
-74.8760
-75.1736
-75.5297
-75.5297
-75.5297
-75.1736
-75.1736
-75.0686
-74.6238
-75.6187
-75.4656
-75.4656
-75.5297
-75.5298
-75.5297
-75.5297
-75.3792
-75.5297
-75.0686
-75.4656
-75.4656
-75.6186
-74.6238
-75.5297
-75.2565
-75.5297
-75.5297
-75.4656
-75.3792
-75.1736
-75.5297
-75.3792
-75.5297
-75.3792
-75.2565
-75.4656
-75.5297
-75.3792
-75.1736
-75.4656
-75.2565
-75.1736
-75.4656
-75.2565
-75.4656
-75.5297
-75.5297
-75.5297
-75.5297
-75.4656
-75.3792
-75.5297
-75.0686
-75.4656
-75.3792
-75.5297
-75.4656
-75.5297
-75.5297
-75.4656
-75.3792
-75.4656
-75.4656
-75.5297
-75.2565
-75.5297
-75.5297
-75.5297
-75.5297
-75.5297
-75.2565
-74.9315
-75.5297
-75.5297
-75.4656
-75.2565
-75.4656
-75.2565
-75.5297
-75.6186
-75.4656
-74.9315
-75.0686
-75.0686
-75.3792
-75.5297
-75.4656
-75.5297
-75.3792
-75.0686
-75.0686
-75.4656
-75.4656
-75.6186
-75.0686
-75.5793
-75.4656
-75.4656
-75.3792
-74.8760
-75.0686
-75.5297
-75.5297
-75.4656
-74.8760
-75.6186
-74.8760
-75.5297
-75.5297
-75.0686
-75.1736
-75.5297
-75.5297
-75.5297
-75.0686
-75.5297
-75.5297
-75.4656
-75.4656
-75.0686
-75.4656
-75.4656
-75.5793
-75.4656
-74.6238
-75.4656
-75.5297
-75.5793
-75.5297
-75.4656
-75.3792
-75.4656
-75.5297
-75.4656
-75.4656
-75.3792
-75.2565
-75.5793
-75.5297
-74.9315
-75.5297
-75.0686
-75.2565
-75.2565
-75.5297
-75.4656
-75.4656
-75.5297
-75.2565
-75.5297
-75.5297
-75.5297
-75.4656
-75.5297
-74.9315
-75.4656
-75.5297
-75.0686
-75.5297
-75.5297
-75.4656
-75.4656
-75.4656
-75.2565
-75.5297
-75.4656
-75.5297
-74.9315
-75.1736
-75.2565
-75.2565
-75.5297
-75.1736
-75.4656
-75.5297
-75.5297
-75.4656
-75.2565
-75.4656
-74.6238
-75.2565
-75.5297
-75.2565
-74.9315
-75.2565
-75.4656
-75.2565
-75.4656
-75.1736
-75.5297
-75.2565
-75.2565
-74.6238
-75.2565
-75.3792
-75.2565
-75.5297
-75.0686
-75.2565
-75.0686
-74.9315
-75.2565
-75.0686
-75.1736
-75.3792
-75.5297
-75.5297
-75.4656
-74.9315
-75.4656
-75.1736
-75.4656
-75.4656
-75.4656
-75.4656
-75.0686
-75.5297
-75.5298
-74.6238
-75.2565
-75.0686
-75.4656
-75.4656
-75.2565
-75.4656
-75.5297
-75.5297
-75.1736
-75.2565
-75.4656
-75.4656
-74.6238
-75.5297
-74.9315
-75.1736
-75.2565
-75.1736
-75.4656
-75.0686
-75.5297
-75.1736
-75.2565
-75.4656
-75.0686
-75.1736
-75.3792
-75.5297
-75.0686
-75.4656
-75.0686
-75.1736
-75.2565
-74.6238
-75.4656
-75.4656
-75.4656
-74.9315
-75.5297
-75.1736
-75.5297
-75.4656
-75.5297
-75.5297
-75.1736
-75.4656
-75.4656
-74.7449
-75.5297
-75.5297
-75.5297
-75.4656
-75.3792
-75.4656
-75.4656
-75.2565
-75.2565
-75.1736
-75.5297
-75.4656
-75.5297
-75.4656
-75.2565
-75.2565
-75.4656
-75.5297
-75.3792
-75.3792
-75.4656
-75.3792
-75.2565
-75.3792
-75.2565
-75.1736
-75.2565
-75.5297
-75.1736
-74.6238
-75.1736
-75.2565
-75.2565
-75.5297
-75.4656
-75.1736
-75.0686
-75.0686
-75.1736
-75.4656
-75.1736
-75.0686
-75.1736
-75.2565
-75.0686
-75.2565
-75.1736
-75.5297
-75.2565
-75.5297
-75.2565
-75.2565
-75.5297
-75.0686
-75.5297
-75.4656
-75.2565
-75.5297
-75.1736
-74.6238
-75.4656
-75.5297
-75.4656
-75.1736
-75.4656
-75.4656
-75.4656
-75.4656
-75.2565
-75.1736
-75.4656
-75.2565
-74.9315
-75.4656
-75.4656
-74.8760
-75.4656
-75.1736
-75.5297
-75.5297
-75.2565
-75.1736
-75.4656
-74.6238
-75.5297
-75.1736
-75.1736
-75.5297
-74.6238
-74.6238
-75.5297
-75.2565
-75.4656
-75.4656
-75.2565
-75.0686
-75.4656
-75.4656
-75.5297
-75.0686
-74.9315
-75.2565
-74.9315
-75.4656
-75.5297
-75.5297
-75.5297
-75.2565
-75.5297
-75.1736
-75.4656
-75.0686
-75.1736
-75.1736
-75.0686
-75.2565
-75.1736
-75.0686
-75.4656
-75.4656
-75.1736
-75.1736
-75.4656
-75.5297
-75.4656
-75.2565
-75.0686
-75.1736
-75.4656
-75.1736
-75.0686
-75.4656
-75.5297
-75.1736
-75.5297
-75.4656
-75.2565
-75.5297
-75.5297
-75.5297
-75.0686
-75.0686
-75.4656
-75.5297
-75.5297
-75.3792
-75.2565
-75.1736
-75.2565
-75.5297
-75.5297
-75.2565
-75.5297
-75.4656
-75.5297
-75.5297
-75.5297
-75.5297
-75.2565
-75.4656
-74.6238
-75.1736
-75.2565
-75.4656
-75.2565
-75.0686
-75.2565
-75.4656
-75.0686
-75.5297
-75.4656
-75.2565
-74.8760
-75.2565
-75.1736
-75.0686
-75.6186
-75.2565
-75.5297
-75.1736
-75.4656
-75.5297
-75.4656
-75.0686
-75.4656
-75.4656
-75.1736
-75.5297
-75.1736
-75.2565
-75.5297
-75.2565
-75.5297
-75.5297
-75.0686
-75.0686
-75.6186
-75.5297
-75.5297
-75.0686
-75.4656
-75.4656
-75.4656
-75.2565
-75.2565
-75.2565
-75.5297
-75.2565
-75.2565
-75.4656
-75.4656
-75.5297
-75.2565
-75.0686
-75.4656
-75.4656
-74.7449
-75.1736
-74.8760
-75.4656
-75.1736
-75.1736
-75.4656
-75.1736
-75.4656
-75.0686
-75.4656
-75.2565
-75.5297
-75.0686
-75.2565
-75.4656
-75.4656
-75.1736
-75.4656
-75.4656
-75.4656
-75.5297
-75.4656
-75.0686
-75.5297
-75.4656
-75.5297
-75.4656
-75.5297
-75.4656
-75.3792
-75.4656
-75.5297
-75.1736
-75.0686
-75.1736
-75.4656
-75.2565
-75.1736
