1504195834.814303 154 188 171 49 162 218 249 200 0 0 0 0
1504195834.914417 153 185 169 48 162 218 249 200 159 207 193 93
1504195835.018411 155 187 176 52 163 218 249 200 158 204 192 92
1504195835.121020 156 188 178 55 163 219 250 200 159 206 198 96
1504195835.221096 157 191 180 57 163 220 250 200 160 207 200 99
1504195835.321180 158 193 182 61 163 220 251 200 161 210 201 101
1504195835.421343 159 196 184 64 163 222 252 201 161 212 204 105
1504195835.521418 161 198 186 67 163 223 252 201 162 215 206 108
1504195835.621498 162 201 188 71 163 224 253 202 162 217 208 111
1504195835.721568 163 204 190 74 162 225 254 202 162 220 210 115
1504195835.821639 163 206 193 77 162 226 254 203 162 223 212 118
1504195835.921708 164 209 195 80 162 227 255 204 162 225 214 122
1504195836.021780 166 211 198 84 161 228 256 204 161 228 216 125
1504195836.122407 167 213 200 87 161 229 257 205 160 230 219 129
1504195836.224154 168 216 202 90 161 230 258 206 159 231 221 132
1504195836.324229 169 218 205 93 160 231 258 207 159 233 223 135
1504195836.424316 170 220 207 96 160 232 259 208 157 234 226 138
1504195836.524398 171 222 210 99 160 233 260 208 157 235 228 141
1504195836.625213 172 224 212 102 159 234 261 210 156 236 230 144
1504195836.725559 173 225 215 105 159 234 262 210 156 236 232 147
1504195836.825720 174 227 217 107 159 235 262 211 156 235 235 150
1504195836.925793 175 229 220 110 159 236 264 212 156 236 236 152
1504195837.025871 176 230 222 113 159 236 264 213 156 237 239 155
1504195837.126282 177 231 225 115 159 237 265 214 157 236 241 159
1504195837.226358 178 233 227 117 159 238 266 215 158 237 243 161
1504195837.326407 179 234 229 119 159 238 266 216 158 238 245 163
1504195837.426477 179 235 232 121 159 238 267 217 159 237 246 165
1504195837.526553 180 236 234 124 159 239 268 218 159 237 249 167
1504195837.626804 181 237 236 126 159 239 268 218 160 238 251 171
1504195837.726902 182 238 238 128 158 239 269 219 161 238 252 173
1504195837.826980 183 239 240 130 159 240 270 220 162 238 254 175
1504195837.927056 184 239 242 132 159 240 270 221 163 239 255 177
1504195838.027133 185 241 245 134 159 240 271 222 164 239 257 179
1504195838.127208 186 241 247 135 159 240 272 223 165 240 259 181
1504195838.227344 187 242 249 137 159 240 272 223 166 240 260 183
1504195838.330408 188 242 252 139 159 240 273 224 167 240 261 185
1504195838.430479 189 243 254 141 159 240 273 225 168 240 263 187
1504195838.531834 190 244 256 142 159 240 274 226 169 241 265 189
1504195838.631908 190 244 258 144 160 240 274 226 170 241 266 190
1504195838.732022 191 244 260 145 160 240 275 227 170 241 267 193
1504195838.832090 192 244 262 146 160 240 275 228 171 241 268 194
1504195838.932162 193 244 264 148 161 240 276 228 172 241 269 195
1504195839.033734 194 244 266 150 161 239 276 229 173 241 271 197
1504195839.133829 195 244 268 151 161 239 277 230 173 240 272 199
1504195839.233925 196 244 269 152 161 239 277 230 173 240 273 200
1504195839.334007 197 244 271 153 161 238 278 231 173 240 274 201
1504195839.434101 197 244 273 155 162 238 278 232 174 240 275 202
1504195839.534188 198 244 275 156 162 238 278 232 174 240 276 204
1504195839.634267 199 243 277 157 163 238 278 233 174 240 276 205
1504195839.734354 200 243 279 158 163 237 279 233 175 239 277 206
1504195839.835391 200 242 280 159 163 237 279 234 175 239 279 208
1504195839.935465 199 242 280 160 163 237 279 234 175 238 279 208
1504195840.036443 197 242 279 161 163 237 279 234 174 238 279 209
1504195840.138404 195 242 278 162 163 238 279 234 173 238 279 211
1504195840.239131 193 241 277 163 163 238 279 234 172 239 278 211
1504195840.339204 191 241 276 164 163 238 279 234 171 238 278 212
1504195840.439279 189 241 275 165 163 239 279 234 171 238 278 213
1504195840.541182 186 241 273 167 162 239 279 234 169 239 277 214
1504195840.641250 184 241 273 169 161 240 279 234 166 239 277 216
1504195840.741322 182 241 272 170 161 240 279 234 164 240 277 218
1504195840.841394 180 242 271 172 160 240 279 234 162 240 277 219
1504195840.941471 177 242 271 174 159 241 278 234 160 240 277 221
1504195841.041562 175 242 270 176 159 241 278 235 157 240 276 223
1504195841.142033 173 242 269 178 157 242 278 235 155 240 276 225
1504195841.243358 170 243 268 180 157 242 278 235 153 242 276 227
1504195841.345485 168 243 267 182 155 243 278 235 150 241 276 229
1504195841.445572 165 243 267 184 154 244 277 235 148 243 277 230
1504195841.546410 163 245 266 185 153 245 277 236 145 244 276 233
1504195841.646484 161 246 265 188 152 246 277 236 143 245 276 233
1504195841.746578 158 247 264 190 151 247 276 236 141 246 277 236
1504195841.846651 156 248 263 192 149 248 276 236 138 247 276 236
1504195841.946730 154 249 262 194 148 249 276 237 136 248 276 236
1504195842.046817 152 251 262 196 147 250 276 237 134 249 276 237
1504195842.146886 150 253 261 198 146 251 275 237 132 247 276 237
1504195842.246952 149 254 260 200 145 252 275 238 132 244 275 237
1504195842.347025 147 255 260 201 144 253 275 238 131 245 275 238
1504195842.447108 146 257 259 203 144 254 275 238 130 243 275 238
1504195842.547189 144 257 258 204 143 254 275 239 134 240 275 238
1504195842.647264 143 258 258 206 143 255 275 239 137 238 275 239
1504195842.747339 142 259 257 207 143 255 274 240 143 238 275 239
1504195842.847418 142 259 257 208 143 256 274 240 146 239 274 240
1504195842.947513 141 260 257 209 143 256 274 240 148 240 274 240
1504195843.047806 141 261 257 210 143 256 274 241 149 242 274 240
1504195843.147885 140 260 257 210 142 256 274 241 148 242 274 241
1504195843.248044 140 260 258 212 142 256 274 242 148 242 274 241
1504195843.348404 140 260 259 212 142 256 274 242 148 242 274 242
1504195843.448481 140 260 259 213 142 256 274 242 148 242 274 242
1504195843.550566 140 259 259 214 142 256 274 243 148 242 274 242
1504195843.650639 140 259 260 215 142 256 274 243 151 242 274 243
1504195843.750719 140 259 260 216 142 256 274 244 151 242 274 243
1504195843.850795 140 259 261 216 141 256 274 244 151 242 274 244
1504195843.950874 140 258 262 217 141 255 274 244 146 240 274 244
1504195844.050951 140 258 263 217 141 255 274 245 146 239 274 244
1504195844.151028 140 257 263 218 142 255 274 245 146 239 274 245
1504195844.251311 140 258 263 219 142 255 274 246 154 242 274 245
1504195844.351391 141 257 263 219 142 255 274 246 151 241 274 246
1504195844.451475 141 257 264 220 142 254 274 246 149 239 274 246
1504195844.554404 141 256 265 220 142 254 275 246 147 238 274 246
1504195844.654477 141 256 265 221 141 254 275 247 149 238 275 246
1504195844.755355 142 255 267 221 141 253 275 247 141 236 275 247
1504195844.855431 141 254 268 220 140 253 274 247 133 237 275 247
1504195844.955503 142 253 269 221 140 253 274 248 126 239 274 247
1504195845.055577 141 253 270 222 140 253 274 248 122 253 274 248
1504195845.155649 141 254 270 223 140 253 274 248 121 253 274 248
1504195845.255717 140 254 270 224 140 254 274 249 126 239 274 248
1504195845.355790 139 252 268 220 139 254 274 249 -2147483648 -2147483648 274 249
1504195845.458410 138 252 269 222 140 252 273 248 139 272 274 249
1504195845.558483 137 254 266 224 141 252 274 248 158 252 273 248
1504195845.662077 138 253 267 225 141 252 275 248 154 245 274 248
1504195845.762516 138 252 267 226 141 252 275 248 156 246 275 248
1504195845.862592 138 252 267 226 141 252 275 248 158 252 275 248
1504195845.962668 138 252 267 227 141 252 275 249 158 252 275 248
1504195846.062743 139 251 267 228 141 251 276 249 158 252 275 249
1504195846.162846 139 251 267 228 141 251 276 249 159 251 276 249
1504195846.262923 139 251 268 229 141 251 276 250 159 251 276 249
1504195846.363068 140 251 268 230 141 251 276 250 159 251 276 250
1504195846.463143 140 250 268 231 141 251 276 250 160 251 276 250
1504195846.563218 140 250 269 231 141 251 276 250 154 264 276 250
1504195846.663292 140 250 269 233 141 251 276 251 154 264 276 250
1504195846.763371 140 250 269 234 140 250 276 251 154 264 276 251
1504195846.863449 140 246 269 228 139 250 275 251 -2147483648 -2147483648 276 252
1504195846.963538 140 245 271 230 139 249 275 251 135 265 275 251
1504195847.065228 140 245 271 231 140 249 275 251 135 264 275 251
1504195847.166410 139 246 271 233 140 249 275 252 140 265 275 251
1504195847.266789 139 247 270 236 140 249 276 252 145 264 275 252
1504195847.366909 138 247 269 237 140 250 276 252 147 264 277 254
1504195847.466991 138 248 269 239 139 250 276 253 149 263 277 255
1504195847.567496 137 248 269 240 139 250 276 253 146 265 277 256
1504195862.106409 111 338 311 311 450 280 450 170 146 265 277 256
1504195862.207526 108 342 307 314 450 280 450 170 160 329 331 290
1504195862.308492 108 342 308 315 450 280 450 170 157 333 327 293
1504195862.409009 109 341 308 315 450 280 450 170 157 333 328 294
1504195862.509100 109 341 308 315 450 280 450 170 158 332 328 294
1504195862.610067 109 341 308 315 450 280 450 170 158 332 328 294
1504195862.710146 110 341 309 315 450 280 450 170 158 332 328 294
1504195862.810222 110 342 309 314 450 280 450 170 159 332 329 294
1504195862.910301 111 342 309 314 450 280 450 170 159 333 329 293
1504195863.010421 111 342 309 314 450 280 450 170 160 333 329 293
1504195863.111649 112 342 310 313 450 280 450 170 160 333 329 293
1504195863.211747 113 342 310 312 450 280 450 170 161 332 330 292
1504195863.314408 114 342 311 312 450 280 450 170 162 332 330 291
1504195863.416206 115 341 311 311 450 280 450 170 163 332 331 291
1504195863.516300 116 341 312 310 450 280 450 170 164 332 331 290
1504195863.618405 117 340 313 309 450 280 450 170 165 332 332 289
1504195863.718482 118 340 314 308 450 280 450 170 166 331 333 288
1504195863.818567 119 340 315 308 450 280 450 170 167 331 334 287
1504195863.918639 121 339 315 307 450 280 450 170 168 331 335 287
1504195864.018712 121 339 317 306 450 280 450 170 170 330 335 286
1504195864.118900 123 338 317 306 450 280 450 170 170 330 336 285
1504195864.218975 124 338 318 304 450 280 450 170 172 329 337 285
1504195864.319051 125 338 319 304 450 280 450 170 173 329 337 283
1504195864.419124 127 337 320 303 450 280 450 170 174 329 338 283
1504195864.519197 128 337 321 302 450 280 450 170 176 328 339 282
1504195864.619271 129 336 322 301 450 280 450 170 177 328 340 281
1504195864.719342 130 336 323 300 450 280 450 170 178 327 341 280
1504195864.819431 131 335 323 300 450 280 450 170 179 327 342 279
1504195864.919506 133 334 324 298 450 280 450 170 180 326 342 279
1504195865.019583 134 334 325 298 450 280 450 170 182 325 343 278
1504195865.119741 135 334 326 296 450 280 450 170 183 325 344 278
1504195865.220902 136 333 327 296 450 280 450 170 184 325 345 276
1504195865.320979 138 332 328 295 450 280 450 170 185 324 346 276
1504195865.421053 139 332 329 294 450 280 450 170 187 323 347 275
1504195865.521120 140 331 329 293 450 280 450 170 188 323 348 274
1504195865.621200 142 331 330 292 450 280 450 170 189 322 348 273
1504195865.721270 143 330 331 291 450 280 450 170 191 322 349 272
1504195865.821384 144 330 332 290 450 280 450 170 192 321 350 271
1504195865.921452 146 329 333 290 450 280 450 170 193 321 351 270
1504195866.021526 147 329 334 288 450 280 450 170 195 321 351 270
1504195866.121601 148 328 335 288 450 280 450 170 196 321 352 268
1504195866.222404 150 328 336 287 450 280 450 170 197 320 353 268
1504195866.322474 151 327 337 286 450 280 450 170 199 320 354 267
1504195866.422568 152 327 337 285 450 280 450 170 200 319 355 266
1504195866.524164 154 326 338 284 450 280 450 170 201 319 355 265
1504195866.624258 155 326 339 283 450 280 450 170 203 318 356 264
1504195866.724336 156 326 340 283 450 280 450 170 204 318 357 264
1504195866.824438 158 325 341 282 450 280 450 170 205 318 358 264
1504195866.924524 159 325 342 281 450 280 450 170 207 317 359 263
1504195867.025076 160 324 343 280 450 280 450 170 208 317 360 262
1504195867.125149 161 324 344 279 450 280 450 170 209 316 361 261
1504195867.225221 162 324 344 279 450 280 450 170 210 316 362 260
1504195867.325291 164 323 345 278 450 280 450 170 211 316 362 260
1504195867.425362 165 323 346 277 450 280 450 170 213 315 363 259
1504195867.525433 166 322 347 276 450 280 450 170 214 315 364 258
1504195867.625506 168 322 348 275 450 280 450 170 215 314 364 257
1504195867.726406 169 321 349 275 450 280 450 170 217 314 365 256
1504195867.829890 170 320 349 274 450 280 450 170 218 313 366 256
1504195867.929967 171 320 350 273 450 280 450 170 219 312 366 255
1504195868.030405 172 319 351 272 450 280 450 170 220 312 367 254
1504195868.131046 174 319 352 271 450 280 450 170 221 312 368 253
1504195868.232830 175 318 352 270 450 280 450 170 223 312 369 252
1504195868.333817 177 318 353 269 450 280 450 170 224 311 369 251
1504195868.433895 178 317 354 269 450 280 450 170 226 311 370 251
1504195868.533968 179 317 355 268 450 280 450 170 227 310 371 250
1504195868.634054 180 316 356 267 450 280 450 170 228 310 372 250
1504195868.734139 181 316 356 267 450 280 450 170 229 309 373 249
1504195868.834235 183 316 357 266 450 280 450 170 230 309 373 249
1504195868.934307 184 315 358 265 450 280 450 170 232 309 374 248
1504195869.034379 185 315 359 264 450 280 450 170 233 308 375 247
1504195869.135102 187 314 360 263 450 280 450 170 234 308 376 246
1504195869.235175 187 314 360 263 450 280 450 170 236 307 376 245
1504195869.335250 189 313 361 262 450 280 450 170 236 307 376 245
1504195869.438404 190 313 362 261 450 280 450 170 238 306 377 244
1504195869.538474 191 313 362 261 450 280 450 170 239 306 378 243
1504195869.638544 193 312 363 260 450 280 450 170 240 306 378 243
1504195869.738614 194 312 364 259 450 280 450 170 242 305 379 242
1504195869.838684 195 311 364 259 450 280 450 170 243 305 380 241
1504195869.938755 197 311 365 257 450 280 450 170 244 304 380 241
1504195870.038828 197 310 366 257 450 280 450 170 246 304 381 239
1504195870.138985 199 310 366 256 450 280 450 170 246 304 382 239
1504195870.239056 200 309 367 256 450 280 450 170 248 304 382 238
1504195870.339126 201 309 368 255 450 280 450 170 249 303 383 238
1504195870.439198 203 308 368 254 450 280 450 170 250 303 384 238
1504195870.540943 204 308 368 253 450 280 450 170 252 302 384 237
1504195870.641012 205 307 369 253 450 280 450 170 253 302 384 236
1504195870.741120 206 307 370 252 450 280 450 170 254 301 385 236
1504195870.841191 207 307 370 251 450 280 450 170 255 301 386 235
1504195870.942373 209 306 371 250 450 280 450 170 256 301 386 234
1504195871.042409 210 306 372 250 450 280 450 170 258 300 387 233
1504195871.142480 211 305 372 249 450 280 450 170 259 300 388 233
1504195871.242690 212 305 373 248 450 280 450 170 260 299 388 232
1504195871.342761 214 305 373 248 450 280 450 170 261 299 389 231
1504195871.442830 215 304 374 247 450 280 450 170 263 299 389 231
1504195871.542989 216 304 374 246 450 280 450 170 264 298 390 230
1504195871.643064 218 303 375 246 450 280 450 170 265 298 390 229
1504195871.743392 219 303 376 245 450 280 450 170 267 298 391 229
1504195871.843697 220 303 376 244 450 280 450 170 268 298 391 228
1504195871.943769 221 303 377 244 450 280 450 170 269 298 392 227
1504195872.043844 222 302 377 243 450 280 450 170 270 298 392 227
1504195872.143926 223 302 378 242 450 280 450 170 271 297 392 227
1504195872.244003 224 301 378 242 450 280 450 170 272 297 393 226
1504195872.344088 226 301 378 241 450 280 450 170 273 296 393 226
1504195872.444167 227 301 379 241 450 280 450 170 275 296 394 225
1504195872.546571 228 301 379 240 450 280 450 170 276 296 394 225
1504195872.646648 229 300 380 239 450 280 450 170 277 296 394 224
1504195872.746732 230 300 380 239 450 280 450 170 278 295 395 223
1504195872.846811 231 300 381 238 450 280 450 170 279 295 395 223
1504195872.946880 232 300 381 238 450 280 450 170 280 295 396 222
1504195873.046957 233 299 382 237 450 280 450 170 281 295 396 222
1504195873.147031 235 299 382 236 450 280 450 170 282 294 397 221
1504195873.247103 236 298 383 236 450 280 450 170 284 294 397 220
1504195873.347170 237 298 383 235 450 280 450 170 285 293 398 220
1504195873.447244 238 298 383 235 450 280 450 170 286 293 398 219
1504195873.547324 239 298 384 234 450 280 450 170 287 293 398 219
1504195873.647412 241 297 384 233 450 280 450 170 288 293 399 218
1504195873.747492 242 297 384 233 450 280 450 170 290 292 399 217
1504195873.849093 243 296 385 232 450 280 450 170 291 292 399 217
1504195873.949174 244 296 385 231 450 280 450 170 292 292 400 217
1504195874.049263 245 296 385 230 450 280 450 170 293 292 400 216
1504195874.149807 246 296 386 230 450 280 450 170 294 292 400 215
1504195874.249933 248 296 386 229 450 280 450 170 295 292 401 215
1504195874.350026 249 296 387 229 450 280 450 170 297 292 401 214
1504195874.450110 250 296 387 228 450 280 450 170 298 292 402 214
1504195874.551176 252 295 387 227 450 280 450 170 299 292 402 213
1504195874.651256 252 295 387 227 450 280 450 170 301 291 402 212
1504195874.754409 254 295 388 226 450 280 450 170 301 291 402 212
1504195874.854477 254 295 388 225 450 280 450 170 303 291 403 211
1504195874.954543 256 295 388 225 450 280 450 170 303 291 403 211
1504195875.054618 257 295 389 225 450 280 450 170 305 291 403 210
1504195875.154686 258 294 389 224 450 280 450 170 306 291 404 210
1504195875.254757 259 294 389 223 450 280 450 170 307 290 404 209
1504195875.354831 260 294 389 223 450 280 450 170 308 290 404 209
1504195875.454906 261 294 389 222 450 280 450 170 309 290 405 209
1504195875.554987 263 294 389 221 450 280 450 170 310 290 405 208
1504195875.655061 263 294 389 221 450 280 450 170 312 290 405 207
1504195875.755141 264 294 389 220 450 280 450 170 312 290 405 207
1504195875.855212 266 294 389 220 450 280 450 170 313 290 405 206
1504195875.957094 267 294 389 219 450 280 450 170 315 290 405 206
1504195876.058406 268 294 389 218 450 280 450 170 316 290 405 205
1504195876.158478 269 294 388 218 450 280 450 170 317 290 405 204
1504195876.262147 270 294 388 217 450 280 450 170 318 290 405 204
1504195876.362215 270 294 388 216 450 280 450 170 319 290 405 203
1504195876.462408 272 294 388 216 450 280 450 170 319 290 405 203
1504195876.562481 272 294 388 215 450 280 450 170 321 290 405 203
1504195876.665219 273 294 388 215 450 280 450 170 321 290 405 202
1504195876.766408 274 294 388 214 450 280 450 170 322 290 405 202
1504195876.866482 275 295 388 214 450 280 450 170 323 290 405 201
1504195876.966566 276 295 388 213 450 280 450 170 324 290 405 201
1504195877.066643 277 295 387 213 450 280 450 170 325 290 405 200
1504195877.166915 278 295 387 212 450 280 450 170 326 290 405 200
1504195877.266993 279 295 387 212 450 280 450 170 327 290 405 199
1504195877.367171 280 295 386 211 450 280 450 170 328 290 405 199
1504195877.469092 281 295 386 211 450 280 450 170 329 290 404 198
1504195877.569465 282 296 386 210 450 280 450 170 330 290 404 198
1504195877.669539 283 296 385 210 450 280 450 170 331 291 404 198
1504195877.769616 284 296 384 209 450 280 450 170 332 291 404 198
1504195877.870052 285 296 384 208 450 280 450 170 333 291 403 197
1504195877.970433 285 296 384 208 450 280 450 170 334 291 403 196
1504195878.070499 286 297 383 207 450 280 450 170 334 291 403 196
1504195878.170570 287 297 382 207 450 280 450 170 335 291 403 195
1504195878.270650 288 298 382 206 450 280 450 170 336 291 402 195
1504195878.370734 287 298 381 206 450 280 450 170 337 292 402 194
1504195878.470802 288 298 380 205 450 280 450 170 336 292 402 195
1504195878.570866 290 298 380 204 450 280 450 170 337 292 401 194
1504195878.670938 289 298 379 204 450 280 450 170 339 292 401 193
1504195878.771007 290 299 378 203 450 280 450 170 338 292 400 193
1504195878.871279 291 298 378 202 450 280 450 170 339 293 400 192
1504195878.971365 292 297 377 200 450 280 450 170 340 292 400 192
1504195879.071584 292 296 376 198 450 280 450 170 341 291 399 190
1504195879.171658 293 295 376 196 450 280 450 170 341 290 399 189
1504195879.271731 294 293 375 194 450 280 450 170 342 290 399 187
1504195879.371810 295 292 375 192 450 280 450 170 343 288 398 186
1504195879.474407 296 291 374 190 450 280 450 170 344 288 399 184
1504195879.574483 298 289 374 188 450 280 450 170 345 287 398 183
1504195879.674562 298 288 374 186 450 280 450 170 347 286 398 182
1504195879.774952 299 287 373 183 450 280 450 170 347 285 398 180
1504195879.875756 300 285 373 181 450 280 450 170 348 284 398 178
1504195879.975827 302 284 373 179 450 280 450 170 349 283 398 177
1504195880.075900 303 283 372 177 450 280 450 170 351 282 399 175
1504195880.176253 305 281 372 175 450 280 450 170 352 281 398 174
1504195880.276326 306 280 372 173 450 280 450 170 354 280 398 173
1504195880.376397 307 279 372 171 450 280 450 170 356 280 399 171
1504195880.476506 308 278 371 169 450 280 450 170 356 279 399 170
1504195880.576739 310 277 371 167 450 280 450 170 357 278 398 169
1504195880.676817 311 275 371 166 450 280 450 170 359 278 399 168
1504195880.776904 313 275 371 164 450 280 450 170 360 276 399 167
1504195880.876964 314 273 371 162 450 280 450 170 362 276 399 166
1504195880.977094 316 273 370 160 450 280 450 170 363 275 400 164
1504195881.077166 317 271 370 158 450 280 450 170 365 275 399 163
1504195881.177243 319 271 370 157 450 280 450 170 366 274 400 162
1504195881.277317 320 270 370 156 450 280 450 170 368 274 400 161
1504195881.377398 322 269 370 154 450 280 450 170 369 273 400 161
1504195881.477679 324 269 370 153 450 280 450 170 371 273 401 160
1504195881.577798 325 268 370 152 450 280 450 170 373 273 401 159
1504195881.677933 326 267 370 150 450 280 450 170 374 272 401 159
1504195881.778013 328 267 370 149 450 280 450 170 375 272 402 158
1504195881.878091 329 266 370 148 450 280 450 170 377 272 402 157
1504195881.978170 330 266 370 147 450 280 450 170 378 271 402 157
1504195882.078256 331 265 370 146 450 280 450 170 379 271 403 156
1504195882.178347 333 265 370 145 450 280 450 170 380 271 403 156
1504195882.278414 334 265 370 144 450 280 450 170 382 271 403 155
1504195882.378492 335 264 370 144 450 280 450 170 383 271 404 155
1504195882.481416 337 264 370 143 450 280 450 170 384 270 404 155
1504195882.581520 338 264 370 142 450 280 450 170 386 271 405 154
1504195882.682408 339 264 370 141 450 280 450 170 387 271 405 154
1504195882.782483 341 264 370 141 450 280 450 170 388 271 405 153
1504195882.882566 342 264 370 141 450 280 450 170 390 271 406 154
1504195882.982691 344 264 371 140 450 280 450 170 391 271 406 154
1504195883.082774 345 264 371 139 450 280 450 170 393 271 407 153
1504195883.182852 346 264 371 139 450 280 450 170 394 271 408 153
1504195883.282930 348 264 371 139 450 280 450 170 395 271 408 153
1504195883.386407 349 264 371 139 450 280 450 170 397 271 409 154
1504195883.486908 350 264 371 139 450 280 450 170 398 271 409 154
1504195883.586979 352 264 372 138 450 280 450 170 399 271 410 154
1504195883.687052 353 264 372 138 450 280 450 170 401 272 411 154
1504195883.787138 355 264 372 138 450 280 450 170 402 272 411 154
1504195883.887207 356 264 373 138 450 280 450 170 404 272 412 154
1504195883.987274 357 264 373 138 450 280 450 170 405 272 413 154
1504195884.087344 359 264 373 138 450 280 450 170 406 272 413 154
1504195884.190416 361 264 374 138 450 280 450 170 408 272 414 155
1504195884.294406 362 265 374 138 450 280 450 170 410 272 416 155
1504195884.394481 364 265 374 138 450 280 450 170 411 273 416 155
1504195884.494558 365 265 374 138 450 280 450 170 413 273 417 156
1504195884.594630 366 265 375 138 450 280 450 170 414 273 418 156
1504195884.694710 368 266 375 138 450 280 450 170 415 273 418 156
1504195884.798408 369 266 375 138 450 280 450 170 417 274 420 157
1504195884.898509 371 266 376 138 450 280 450 170 418 274 420 157
1504195884.998594 372 266 376 138 450 280 450 170 419 274 421 157
1504195885.098680 374 266 377 138 450 280 450 170 420 274 421 157
1504195885.198756 375 266 377 139 450 280 450 170 421 274 422 158
1504195885.298838 376 266 378 139 450 280 450 170 422 274 423 158
1504195885.398926 378 267 378 139 450 280 450 170 423 274 423 158
1504195885.499930 379 267 379 139 450 280 450 170 423 275 423 158
1504195885.600605 380 267 379 140 450 280 450 170 424 275 424 159
1504195885.700680 382 267 379 140 450 280 450 170 425 275 425 159
1504195885.800756 383 268 380 140 450 280 450 170 426 275 425 159
1504195885.901839 385 268 380 140 450 280 450 170 426 275 425 159
1504195886.001912 386 269 381 141 450 280 450 170 427 275 425 159
1504195886.101984 388 269 381 141 450 280 450 170 428 276 427 160
1504195886.202054 389 269 382 142 450 280 450 170 429 276 427 160
1504195886.302126 391 269 382 142 450 280 450 170 430 276 428 161
1504195886.402407 392 269 382 142 450 280 450 170 431 276 428 161
1504195886.504628 393 269 383 143 450 280 450 170 431 276 428 161
1504195886.604706 395 269 384 143 450 280 450 170 432 276 429 161
1504195886.704848 396 269 384 143 450 280 450 170 433 276 430 161
1504195886.804921 397 269 384 144 450 280 450 170 433 276 430 161
1504195886.906407 399 270 385 144 450 280 450 170 434 276 430 162
1504195887.006902 400 270 385 145 450 280 450 170 435 277 431 162
1504195887.106977 402 270 386 145 450 280 450 170 435 277 431 162
1504195887.210411 399 269 384 146 450 280 450 170 436 277 432 163
1504195887.310513 399 270 386 148 450 280 450 170 435 276 430 163
1504195887.410594 399 271 388 150 450 280 450 170 436 277 433 164
1504195887.511259 400 273 390 152 450 280 450 170 438 277 435 165
1504195887.611336 401 275 392 154 450 280 450 170 439 278 437 166
1504195887.711859 401 277 395 156 450 280 450 170 441 279 440 167
1504195887.811927 402 278 398 158 450 280 450 170 444 279 443 168
1504195887.914412 403 280 401 160 450 280 450 170 446 279 446 169
1504195888.014499 403 281 403 162 450 280 450 170 449 280 449 169
1504195888.115022 404 283 405 163 450 280 450 170 450 280 450 170
1504195888.215410 405 284 408 165 450 280 450 170 450 280 450 170
1504195888.315495 406 285 410 166 450 280 450 170 450 280 450 170
1504195888.415589 407 286 412 168 450 280 450 170 450 280 450 170
1504195888.515674 408 287 414 168 450 280 450 170 450 280 450 170
1504195888.615860 408 287 417 170 450 280 450 170 450 280 450 170
1504195888.718410 408 288 419 171 450 280 450 170 450 280 450 170
1504195888.820696 412 292 424 174 450 280 450 170 450 280 450 170
1504195888.922410 414 292 424 174 450 280 450 170 450 280 450 170
1504195889.022489 416 291 424 172 450 280 450 170 450 280 450 170
1504195889.122564 418 290 425 171 450 280 450 170 450 280 450 170
1504195889.222637 419 289 425 170 450 280 450 170 450 280 450 170
1504195889.322709 421 288 426 168 450 280 450 170 450 280 450 170
1504195889.422779 422 287 426 167 450 280 450 170 450 280 450 170
1504195889.522850 424 286 427 166 450 280 450 170 450 280 450 170
1504195889.623010 426 286 427 165 450 280 450 170 450 280 450 170
1504195889.723080 427 285 427 164 450 280 450 170 450 280 450 170
1504195889.823151 428 284 427 163 450 280 450 170 450 280 450 170
1504195889.925540 429 283 427 162 450 280 450 170 450 280 450 170
1504195890.025611 431 283 427 162 450 280 450 170 450 280 450 170
1504195890.125683 432 282 427 162 450 280 450 170 450 279 450 170
1504195890.225768 433 281 427 161 450 280 450 170 451 279 450 170
1504195890.325842 434 281 427 161 450 280 450 170 452 279 450 170
1504195890.425913 435 280 427 160 450 280 450 170 453 279 450 170
1504195890.525987 436 279 428 160 450 280 450 170 455 280 450 170
1504195890.626229 437 279 427 159 450 280 450 170 455 280 450 170
1504195890.726333 438 279 427 159 450 280 450 170 456 280 450 170
1504195890.826406 439 279 427 159 450 280 450 170 457 280 450 170
1504195890.926483 440 278 427 159 450 280 450 170 458 280 450 170
1504195891.026553 441 278 426 158 450 280 450 170 459 281 450 170
1504195891.126639 442 277 426 158 450 280 450 170 460 282 450 170
1504195891.226714 443 277 426 157 450 280 450 170 460 284 450 170
1504195891.326799 444 277 426 157 450 280 450 170 461 284 450 170
1504195891.426875 445 277 425 158 450 280 450 170 461 285 450 170
1504195891.526954 446 277 425 157 450 280 450 170 462 287 450 170
1504195891.627027 446 276 425 157 450 280 450 170 462 289 450 170
1504195891.727123 444 277 422 161 450 280 450 170 460 290 450 170
1504195891.827407 442 276 422 161 450 280 450 170 461 285 450 170
1504195891.927486 441 277 423 162 450 280 450 170 459 284 450 170
1504195892.030409 441 279 425 163 450 280 450 170 459 283 450 170
1504195892.130500 440 280 427 165 450 280 450 170 460 281 450 170
1504195892.230583 440 281 429 165 450 280 450 170 460 280 450 170
1504195892.330658 440 282 430 167 450 280 450 170 459 279 450 170
1504195892.431734 440 282 431 167 450 280 450 170 459 278 450 170
1504195892.531884 439 283 433 168 450 280 450 170 459 278 450 170
1504195892.632005 439 284 434 169 450 280 450 170 458 277 452 170
1504195892.732134 438 284 435 169 450 280 450 170 457 277 453 170
1504195892.832247 438 284 437 170 450 280 450 170 456 277 454 170
